num, degree
1,121
2,61
3,39
4,49
5,25
6,67
7,83
8,60
9,53
10,32
11,41
12,62
13,52
14,28
15,43
16,56
17,16
18,47
19,30
20,36
21,32
22,22
23,29
24,24
25,33
26,20
27,17
28,34
29,34
30,40
31,32
32,34
33,33
34,20
35,24
36,47
37,18
38,23
39,10
40,27
41,7
42,14
43,6
44,33
45,21
46,20
47,21
48,15
49,11
50,13
51,38
52,13
53,11
54,35
55,20
56,17
57,10
58,21
59,16
60,18
61,31
62,22
63,14
64,20
65,16
66,7
67,15
68,17
69,14
70,15
71,19
72,10
73,11
74,17
75,14
76,20
77,14
78,10
79,9
80,33
81,31
82,10
83,5
84,15
85,11
86,19
87,21
88,17
89,8
90,9
91,6
92,9
93,17
94,11
95,13
96,16
97,12
98,9
99,18
100,24
101,17
102,13
103,15
104,20
105,12
106,18
107,13
108,22
109,31
110,13
111,7
112,24
113,13
114,18
115,11
116,13
117,17
118,13
119,9
120,24
121,16
122,20
123,17
124,21
125,7
126,19
127,17
128,14
129,10
130,16
131,13
132,14
133,7
134,14
135,19
136,15
137,9
138,10
139,4
140,14
141,13
142,12
143,27
144,11
145,15
146,8
147,17
148,6
149,14
150,10
151,11
152,15
153,15
154,14
155,8
156,15
157,12
158,23
159,14
160,6
161,9
162,15
163,13
164,13
165,13
166,8
167,13
168,16
169,5
170,16
171,10
172,9
173,4
174,8
175,9
176,14
177,5
178,19
179,10
180,12
181,8
182,16
183,8
184,14
185,9
186,6
187,6
188,10
189,21
190,17
191,13
192,6
193,15
194,6
195,6
196,16
197,13
198,22
199,11
200,21
201,15
202,10
203,11
204,7
205,8
206,14
207,7
208,17
209,3
210,11
211,7
212,15
213,12
214,9
215,8
216,7
217,8
218,9
219,19
220,7
221,6
222,7
223,12
224,12
225,6
226,11
227,10
228,9
229,14
230,5
231,5
232,17
233,7
234,8
235,10
236,14
237,8
238,7
239,13
240,7
241,8
242,9
243,9
244,9
245,11
246,6
247,7
248,8
249,11
250,9
251,13
252,9
253,7
254,8
255,12
256,13
257,8
258,9
259,8
260,3
261,13
262,13
263,8
264,7
265,9
266,5
267,8
268,8
269,10
270,10
271,9
272,8
273,6
274,11
275,8
276,17
277,13
278,9
279,6
280,6
281,9
282,11
283,7
284,9
285,5
286,10
287,6
288,10
289,7
290,9
291,6
292,7
293,5
294,7
295,6
296,6
297,10
298,7
299,5
300,6
301,10
302,7
303,7
304,7
305,12
306,8
307,8
308,9
309,11
310,11
311,5
312,12
313,12
314,7
315,9
316,9
317,11
318,9
319,5
320,12
321,10
322,10
323,5
324,9
325,7
326,7
327,7
328,9
329,8
330,5
331,6
332,8
333,8
334,12
335,5
336,7
337,10
338,8
339,6
340,9
341,6
342,11
343,6
344,13
345,7
346,10
347,10
348,8
349,8
350,9
351,5
352,8
353,10
354,9
355,7
356,9
357,5
358,5
359,10
360,7
361,10
362,7
363,7
364,6
365,9
366,8
367,7
368,4
369,6
370,10
371,12
372,5
373,9
374,8
375,5
376,8
377,5
378,10
379,7
380,10
381,7
382,9
383,12
384,9
385,12
386,9
387,7
388,8
389,7
390,5
391,6
392,10
393,11
394,6
395,4
396,9
397,7
398,8
399,14
400,7
401,6
402,6
403,6
404,10
405,9
406,7
407,5
408,10
409,5
410,12
411,8
412,9
413,8
414,7
415,6
416,8
417,9
418,7
419,7
420,7
421,8
422,5
423,9
424,5
425,6
426,5
427,5
428,6
429,7
430,9
431,6
432,8
433,5
434,5
435,7
436,6
437,10
438,8
439,7
440,7
441,7
442,7
443,8
444,6
445,10
446,4
447,15
448,13
449,4
450,7
451,4
452,9
453,8
454,7
455,7
456,6
457,5
458,4
459,6
460,6
461,7
462,7
463,4
464,7
465,5
466,8
467,10
468,6
469,6
470,11
471,7
472,5
473,8
474,7
475,10
476,6
477,11
478,5
479,7
480,5
481,6
482,4
483,7
484,6
485,5
486,5
487,6
488,7
489,7
490,7
491,6
492,7
493,11
494,6
495,6
496,6
497,8
498,7
499,5
500,6
501,10
502,9
503,12
504,5
505,6
506,7
507,13
508,9
509,11
510,5
511,6
512,6
513,7
514,4
515,6
516,5
517,6
518,6
519,7
520,4
521,10
522,5
523,7
524,4
525,6
526,6
527,5
528,5
529,10
530,7
531,7
532,7
533,7
534,13
535,7
536,9
537,9
538,7
539,7
540,10
541,7
542,6
543,6
544,5
545,6
546,7
547,5
548,6
549,8
550,7
551,8
552,5
553,5
554,6
555,7
556,6
557,5
558,7
559,6
560,8
561,6
562,8
563,5
564,6
565,5
566,5
567,4
568,7
569,5
570,5
571,7
572,6
573,6
574,8
575,8
576,4
577,8
578,6
579,6
580,7
581,4
582,6
583,8
584,6
585,7
586,5
587,5
588,9
589,8
590,5
591,3
592,6
593,6
594,7
595,5
596,5
597,5
598,4
599,7
600,5
601,7
602,9
603,8
604,7
605,6
606,5
607,6
608,6
609,7
610,5
611,6
612,6
613,5
614,8
615,7
616,7
617,5
618,7
619,7
620,5
621,5
622,5
623,6
624,5
625,6
626,5
627,6
628,4
629,7
630,5
631,5
632,5
633,7
634,6
635,5
636,7
637,5
638,7
639,5
640,5
641,7
642,5
643,7
644,5
645,6
646,5
647,5
648,5
649,5
650,4
651,11
652,6
653,5
654,5
655,7
656,6
657,5
658,5
659,5
660,5
661,6
662,5
663,6
664,9
665,5
666,8
667,6
668,6
669,6
670,7
671,5
672,6
673,5
674,7
675,6
676,4
677,5
678,8
679,4
680,6
681,6
682,4
683,5
684,4
685,5
686,4
687,6
688,8
689,6
690,5
691,7
692,5
693,11
694,5
695,4
696,7
697,6
698,7
699,8
700,5
701,7
702,4
703,6
704,6
705,7
706,5
707,4
708,7
709,5
710,6
711,6
712,4
713,7
714,7
715,5
716,5
717,5
718,6
719,6
720,7
721,7
722,5
723,6
724,7
725,6
726,6
727,6
728,5
729,6
730,7
731,6
732,6
733,5
734,6
735,5
736,7
737,6
738,6
739,5
740,6
741,5
742,5
743,6
744,5
745,6
746,4
747,6
748,5
749,5
750,5
751,6
752,7
753,5
754,7
755,6
756,4
757,4
758,5
759,6
760,6
761,7
762,7
763,4
764,6
765,4
766,5
767,4
768,4
769,5
770,5
771,9
772,5
773,5
774,5
775,5
776,6
777,8
778,5
779,5
780,5
781,5
782,5
783,5
784,6
785,5
786,5
787,5
788,6
789,5
790,5
791,4
792,7
793,7
794,5
795,5
796,6
797,5
798,6
799,6
800,4
801,5
802,5
803,4
804,5
805,5
806,5
807,4
808,5
809,6
810,7
811,6
812,7
813,4
814,6
815,5
816,5
817,5
818,4
819,5
820,5
821,5
822,5
823,6
824,5
825,5
826,5
827,5
828,5
829,5
830,5
831,5
832,5
833,5
834,6
835,3
836,5
837,6
838,4
839,6
840,5
841,5
842,8
843,5
844,6
845,5
846,5
847,5
848,4
849,5
850,6
851,5
852,5
853,5
854,7
855,6
856,5
857,5
858,6
859,5
860,5
861,6
862,6
863,5
864,4
865,5
866,5
867,5
868,5
869,5
870,7
871,6
872,5
873,5
874,5
875,5
876,6
877,5
878,6
879,5
880,5
881,6
882,5
883,5
884,5
885,5
886,3
887,6
888,5
889,5
890,5
891,5
892,5
893,5
894,5
895,5
896,5
897,6
898,5
899,5
900,6
901,4
902,5
903,5
904,5
905,6
906,5
907,5
908,5
909,5
910,5
911,5
912,5
913,7
914,5
915,4
916,5
917,5
918,5
919,5
920,5
921,6
922,5
923,5
924,5
925,5
926,5
927,5
928,6
929,5
930,5
931,5
932,5
933,5
934,5
935,6
936,6
937,5
938,5
939,4
940,5
941,5
942,5
943,5
944,5
945,5
946,5
947,6
948,5
949,5
950,5
951,4
952,6
953,4
954,4
955,5
956,4
957,5
958,4
959,5
960,5
961,5
962,5
963,5
964,5
965,5
966,5
967,5
968,5
969,5
970,5
971,4
972,5
973,5
974,5
975,5
976,5
977,5
978,5
979,5
980,6
981,5
982,5
983,5
984,5
985,5
986,3
987,5
988,4
989,4
990,4
991,5
992,5
993,5
994,5
995,5
996,5
997,4
998,5
999,5
1000,0
