num, degree
1,553
2,477
3,313
4,319
5,150
6,361
7,188
8,62
9,245
10,171
11,97
12,115
13,77
14,143
15,178
16,152
17,31
18,142
19,70
20,110
21,169
22,85
23,63
24,75
25,56
26,200
27,87
28,102
29,101
30,91
31,45
32,43
33,37
34,88
35,70
36,75
37,101
38,55
39,79
40,109
41,55
42,69
43,98
44,42
45,66
46,41
47,71
48,65
49,99
50,31
51,104
52,72
53,47
54,123
55,145
56,62
57,169
58,93
59,66
60,47
61,68
62,55
63,75
64,29
65,94
66,42
67,61
68,40
69,80
70,44
71,58
72,35
73,64
74,33
75,37
76,60
77,30
78,40
79,73
80,54
81,62
82,65
83,57
84,59
85,51
86,35
87,50
88,41
89,71
90,45
91,51
92,40
93,47
94,38
95,55
96,73
97,42
98,54
99,71
100,28
101,52
102,22
103,71
104,36
105,108
106,15
107,39
108,39
109,34
110,57
111,37
112,31
113,30
114,57
115,30
116,104
117,36
118,50
119,63
120,54
121,76
122,44
123,44
124,29
125,65
126,17
127,40
128,54
129,109
130,67
131,18
132,42
133,52
134,96
135,25
136,26
137,29
138,11
139,66
140,39
141,54
142,22
143,29
144,25
145,22
146,26
147,21
148,38
149,31
150,33
151,26
152,12
153,25
154,32
155,46
156,52
157,37
158,37
159,78
160,54
161,52
162,69
163,22
164,43
165,39
166,39
167,29
168,34
169,60
170,32
171,26
172,24
173,55
174,26
175,25
176,16
177,31
178,41
179,47
180,42
181,12
182,34
183,37
184,22
185,25
186,24
187,45
188,42
189,57
190,37
191,38
192,35
193,22
194,34
195,14
196,31
197,31
198,28
199,22
200,12
201,28
202,35
203,24
204,21
205,45
206,41
207,24
208,26
209,19
210,26
211,31
212,21
213,29
214,21
215,36
216,23
217,33
218,25
219,25
220,27
221,9
222,23
223,16
224,17
225,57
226,32
227,31
228,39
229,16
230,38
231,40
232,35
233,41
234,45
235,37
236,26
237,28
238,20
239,33
240,44
241,19
242,24
243,37
244,63
245,51
246,16
247,49
248,35
249,9
250,35
251,17
252,24
253,41
254,29
255,18
256,27
257,42
258,22
259,14
260,21
261,56
262,57
263,32
264,31
265,25
266,13
267,31
268,33
269,20
270,51
271,17
272,36
273,34
274,12
275,49
276,46
277,40
278,27
279,20
280,50
281,58
282,39
283,35
284,38
285,13
286,17
287,29
288,46
289,24
290,20
291,14
292,36
293,8
294,31
295,25
296,33
297,14
298,30
299,30
300,12
301,22
302,23
303,22
304,11
305,22
306,19
307,29
308,40
309,31
310,26
311,18
312,36
313,21
314,14
315,34
316,16
317,27
318,25
319,30
320,23
321,44
322,30
323,16
324,18
325,10
326,23
327,12
328,23
329,15
330,34
331,15
332,32
333,24
334,31
335,29
336,30
337,33
338,24
339,10
340,22
341,34
342,47
343,48
344,12
345,16
346,47
347,36
348,24
349,48
350,36
351,33
352,23
353,21
354,12
355,32
356,13
357,24
358,25
359,37
360,14
361,29
362,17
363,13
364,24
365,31
366,28
367,47
368,31
369,28
370,15
371,18
372,26
373,24
374,25
375,24
376,20
377,39
378,26
379,24
380,37
381,14
382,22
383,48
384,32
385,21
386,20
387,15
388,20
389,21
390,23
391,10
392,35
393,22
394,13
395,31
396,24
397,32
398,30
399,44
400,18
401,31
402,21
403,36
404,22
405,24
406,18
407,42
408,16
409,13
410,33
411,19
412,22
413,12
414,24
415,10
416,31
417,38
418,20
419,22
420,24
421,14
422,31
423,21
424,22
425,17
426,24
427,19
428,38
429,17
430,35
431,37
432,17
433,30
434,40
435,19
436,11
437,27
438,20
439,10
440,29
441,13
442,16
443,11
444,22
445,30
446,20
447,16
448,18
449,25
450,22
451,25
452,21
453,29
454,38
455,23
456,14
457,25
458,12
459,13
460,19
461,36
462,17
463,19
464,31
465,16
466,18
467,25
468,14
469,40
470,33
471,21
472,23
473,30
474,20
475,17
476,20
477,42
478,28
479,34
480,16
481,21
482,12
483,27
484,38
485,19
486,20
487,24
488,25
489,23
490,36
491,25
492,22
493,21
494,22
495,19
496,9
497,14
498,15
499,12
500,6
501,36
502,18
503,8
504,26
505,14
506,35
507,28
508,20
509,38
510,25
511,11
512,22
513,25
514,20
515,16
516,34
517,7
518,10
519,14
520,22
521,13
522,9
523,32
524,38
525,29
526,13
527,12
528,17
529,43
530,12
531,15
532,21
533,17
534,17
535,23
536,16
537,31
538,61
539,18
540,32
541,15
542,20
543,37
544,22
545,23
546,25
547,24
548,20
549,11
550,15
551,23
552,19
553,17
554,17
555,24
556,32
557,14
558,25
559,25
560,11
561,17
562,14
563,10
564,20
565,17
566,14
567,39
568,26
569,30
570,28
571,14
572,22
573,31
574,24
575,19
576,35
577,19
578,8
579,37
580,8
581,24
582,19
583,29
584,15
585,19
586,23
587,29
588,38
589,18
590,19
591,17
592,13
593,19
594,21
595,16
596,11
597,21
598,13
599,11
600,17
601,18
602,23
603,19
604,17
605,23
606,24
607,17
608,20
609,17
610,12
611,19
612,24
613,12
614,24
615,14
616,13
617,16
618,21
619,20
620,11
621,14
622,12
623,14
624,38
625,28
626,29
627,19
628,25
629,31
630,16
631,19
632,17
633,12
634,15
635,21
636,13
637,21
638,24
639,16
640,17
641,13
642,17
643,15
644,16
645,31
646,9
647,22
648,30
649,28
650,11
651,34
652,18
653,30
654,18
655,25
656,23
657,41
658,28
659,16
660,22
661,28
662,19
663,10
664,16
665,11
666,17
667,28
668,15
669,20
670,9
671,14
672,27
673,15
674,9
675,17
676,16
677,18
678,22
679,29
680,30
681,17
682,19
683,15
684,20
685,16
686,10
687,13
688,21
689,16
690,22
691,28
692,28
693,20
694,25
695,26
696,15
697,15
698,18
699,31
700,13
701,13
702,24
703,21
704,19
705,24
706,13
707,21
708,12
709,22
710,21
711,34
712,17
713,25
714,31
715,29
716,31
717,21
718,14
719,9
720,16
721,12
722,25
723,10
724,13
725,35
726,9
727,19
728,19
729,12
730,16
731,39
732,9
733,17
734,12
735,20
736,20
737,27
738,20
739,15
740,8
741,18
742,10
743,14
744,20
745,16
746,37
747,13
748,27
749,22
750,23
751,16
752,11
753,25
754,29
755,19
756,23
757,11
758,25
759,33
760,30
761,19
762,14
763,18
764,14
765,17
766,16
767,13
768,15
769,19
770,22
771,13
772,21
773,24
774,10
775,20
776,13
777,19
778,7
779,20
780,28
781,18
782,18
783,20
784,21
785,14
786,21
787,21
788,13
789,27
790,28
791,19
792,16
793,9
794,32
795,8
796,16
797,23
798,7
799,13
800,19
801,24
802,32
803,9
804,20
805,11
806,10
807,26
808,28
809,14
810,14
811,29
812,23
813,12
814,29
815,32
816,15
817,14
818,23
819,11
820,17
821,16
822,8
823,17
824,21
825,23
826,18
827,15
828,25
829,16
830,24
831,9
832,24
833,7
834,18
835,27
836,21
837,12
838,6
839,18
840,8
841,19
842,22
843,31
844,12
845,31
846,17
847,40
848,7
849,36
850,31
851,23
852,13
853,22
854,23
855,15
856,30
857,17
858,23
859,10
860,16
861,20
862,15
863,19
864,19
865,18
866,9
867,21
868,19
869,6
870,19
871,17
872,22
873,15
874,19
875,26
876,12
877,18
878,14
879,16
880,14
881,11
882,24
883,25
884,16
885,21
886,18
887,8
888,14
889,16
890,28
891,20
892,14
893,8
894,13
895,20
896,21
897,19
898,7
899,18
900,21
901,15
902,13
903,17
904,15
905,20
906,22
907,7
908,10
909,18
910,16
911,26
912,20
913,19
914,26
915,19
916,9
917,7
918,8
919,12
920,18
921,33
922,14
923,13
924,13
925,13
926,20
927,7
928,13
929,21
930,19
931,12
932,18
933,11
934,14
935,12
936,12
937,18
938,18
939,18
940,10
941,17
942,23
943,14
944,17
945,16
946,13
947,6
948,23
949,31
950,10
951,16
952,20
953,15
954,13
955,23
956,18
957,11
958,18
959,21
960,22
961,18
962,18
963,26
964,26
965,26
966,23
967,12
968,14
969,9
970,6
971,14
972,19
973,23
974,13
975,27
976,17
977,24
978,12
979,13
980,12
981,27
982,6
983,7
984,17
985,21
986,17
987,14
988,22
989,20
990,12
991,12
992,12
993,13
994,26
995,33
996,24
997,26
998,9
999,10
1000,12
1001,12
1002,17
1003,11
1004,11
1005,26
1006,12
1007,17
1008,16
1009,10
1010,17
1011,13
1012,13
1013,14
1014,10
1015,11
1016,20
1017,30
1018,19
1019,12
1020,23
1021,15
1022,13
1023,11
1024,15
1025,18
1026,9
1027,16
1028,11
1029,17
1030,32
1031,21
1032,23
1033,21
1034,10
1035,14
1036,14
1037,23
1038,30
1039,15
1040,9
1041,19
1042,10
1043,26
1044,18
1045,15
1046,13
1047,11
1048,13
1049,14
1050,28
1051,20
1052,20
1053,12
1054,22
1055,13
1056,14
1057,5
1058,10
1059,14
1060,15
1061,16
1062,14
1063,28
1064,20
1065,19
1066,12
1067,15
1068,12
1069,10
1070,14
1071,19
1072,16
1073,10
1074,12
1075,15
1076,7
1077,16
1078,11
1079,19
1080,14
1081,28
1082,13
1083,17
1084,15
1085,10
1086,14
1087,6
1088,7
1089,25
1090,15
1091,12
1092,10
1093,20
1094,15
1095,19
1096,7
1097,17
1098,20
1099,19
1100,21
1101,16
1102,13
1103,12
1104,12
1105,16
1106,11
1107,13
1108,17
1109,28
1110,15
1111,8
1112,11
1113,7
1114,15
1115,17
1116,12
1117,10
1118,13
1119,12
1120,9
1121,14
1122,20
1123,9
1124,13
1125,9
1126,19
1127,8
1128,16
1129,13
1130,15
1131,23
1132,12
1133,9
1134,17
1135,8
1136,14
1137,13
1138,9
1139,21
1140,17
1141,17
1142,17
1143,6
1144,7
1145,24
1146,21
1147,11
1148,13
1149,23
1150,13
1151,20
1152,19
1153,19
1154,16
1155,10
1156,18
1157,31
1158,21
1159,19
1160,8
1161,16
1162,10
1163,30
1164,14
1165,11
1166,18
1167,14
1168,10
1169,36
1170,17
1171,10
1172,18
1173,9
1174,18
1175,14
1176,9
1177,27
1178,14
1179,24
1180,14
1181,15
1182,9
1183,12
1184,13
1185,16
1186,18
1187,11
1188,22
1189,8
1190,21
1191,18
1192,24
1193,13
1194,16
1195,15
1196,15
1197,12
1198,8
1199,12
1200,18
1201,26
1202,10
1203,4
1204,17
1205,9
1206,10
1207,11
1208,10
1209,22
1210,15
1211,16
1212,12
1213,24
1214,13
1215,12
1216,13
1217,12
1218,9
1219,14
1220,5
1221,30
1222,18
1223,29
1224,7
1225,14
1226,16
1227,14
1228,9
1229,19
1230,10
1231,13
1232,17
1233,17
1234,18
1235,28
1236,10
1237,16
1238,7
1239,15
1240,19
1241,28
1242,18
1243,16
1244,15
1245,19
1246,14
1247,17
1248,12
1249,15
1250,15
1251,15
1252,8
1253,10
1254,14
1255,10
1256,13
1257,13
1258,18
1259,7
1260,14
1261,13
1262,18
1263,8
1264,14
1265,13
1266,8
1267,20
1268,18
1269,20
1270,9
1271,14
1272,9
1273,7
1274,14
1275,18
1276,19
1277,9
1278,12
1279,13
1280,6
1281,15
1282,11
1283,23
1284,15
1285,12
1286,9
1287,12
1288,18
1289,5
1290,14
1291,18
1292,8
1293,10
1294,12
1295,9
1296,12
1297,10
1298,24
1299,11
1300,18
1301,18
1302,12
1303,6
1304,11
1305,14
1306,13
1307,21
1308,18
1309,8
1310,8
1311,10
1312,6
1313,13
1314,9
1315,19
1316,19
1317,8
1318,12
1319,8
1320,9
1321,12
1322,19
1323,14
1324,17
1325,5
1326,18
1327,13
1328,9
1329,11
1330,14
1331,10
1332,7
1333,20
1334,14
1335,24
1336,7
1337,7
1338,18
1339,11
1340,16
1341,24
1342,14
1343,9
1344,30
1345,13
1346,9
1347,11
1348,12
1349,12
1350,16
1351,10
1352,7
1353,14
1354,21
1355,11
1356,11
1357,14
1358,8
1359,10
1360,15
1361,12
1362,5
1363,11
1364,9
1365,11
1366,7
1367,7
1368,12
1369,13
1370,10
1371,13
1372,12
1373,5
1374,15
1375,17
1376,16
1377,7
1378,8
1379,8
1380,9
1381,9
1382,11
1383,13
1384,19
1385,14
1386,10
1387,15
1388,17
1389,10
1390,16
1391,15
1392,24
1393,11
1394,11
1395,11
1396,9
1397,10
1398,21
1399,12
1400,16
1401,11
1402,13
1403,8
1404,12
1405,17
1406,12
1407,11
1408,8
1409,25
1410,6
1411,6
1412,16
1413,15
1414,26
1415,19
1416,16
1417,16
1418,23
1419,8
1420,12
1421,17
1422,19
1423,11
1424,18
1425,13
1426,11
1427,7
1428,18
1429,10
1430,15
1431,12
1432,11
1433,9
1434,10
1435,18
1436,8
1437,16
1438,11
1439,19
1440,9
1441,7
1442,10
1443,13
1444,16
1445,5
1446,13
1447,12
1448,6
1449,8
1450,10
1451,11
1452,26
1453,15
1454,16
1455,8
1456,12
1457,9
1458,8
1459,17
1460,17
1461,12
1462,10
1463,13
1464,9
1465,11
1466,12
1467,6
1468,10
1469,10
1470,10
1471,11
1472,20
1473,14
1474,8
1475,13
1476,11
1477,12
1478,15
1479,21
1480,15
1481,6
1482,11
1483,12
1484,8
1485,9
1486,14
1487,5
1488,14
1489,27
1490,14
1491,14
1492,15
1493,8
1494,25
1495,14
1496,13
1497,8
1498,16
1499,12
1500,7
1501,15
1502,10
1503,20
1504,14
1505,8
1506,11
1507,11
1508,11
1509,13
1510,9
1511,23
1512,10
1513,7
1514,15
1515,26
1516,15
1517,9
1518,12
1519,11
1520,10
1521,17
1522,15
1523,9
1524,7
1525,6
1526,13
1527,9
1528,9
1529,14
1530,11
1531,12
1532,26
1533,19
1534,10
1535,12
1536,13
1537,14
1538,7
1539,18
1540,12
1541,13
1542,5
1543,11
1544,12
1545,16
1546,16
1547,6
1548,8
1549,26
1550,7
1551,9
1552,16
1553,11
1554,19
1555,10
1556,8
1557,11
1558,7
1559,13
1560,14
1561,16
1562,15
1563,10
1564,14
1565,7
1566,8
1567,14
1568,11
1569,12
1570,9
1571,8
1572,10
1573,14
1574,11
1575,19
1576,13
1577,16
1578,10
1579,16
1580,16
1581,12
1582,9
1583,16
1584,16
1585,20
1586,8
1587,22
1588,10
1589,18
1590,12
1591,10
1592,12
1593,9
1594,16
1595,14
1596,11
1597,12
1598,12
1599,11
1600,14
1601,12
1602,16
1603,9
1604,8
1605,30
1606,9
1607,10
1608,11
1609,12
1610,13
1611,11
1612,13
1613,15
1614,8
1615,7
1616,9
1617,13
1618,16
1619,13
1620,8
1621,15
1622,8
1623,6
1624,12
1625,18
1626,16
1627,6
1628,14
1629,12
1630,12
1631,16
1632,6
1633,11
1634,11
1635,12
1636,13
1637,10
1638,8
1639,14
1640,10
1641,11
1642,15
1643,18
1644,11
1645,11
1646,14
1647,11
1648,11
1649,11
1650,8
1651,12
1652,11
1653,9
1654,12
1655,15
1656,18
1657,7
1658,10
1659,9
1660,14
1661,10
1662,6
1663,14
1664,12
1665,12
1666,19
1667,10
1668,7
1669,8
1670,12
1671,13
1672,15
1673,11
1674,13
1675,14
1676,13
1677,9
1678,10
1679,11
1680,9
1681,15
1682,15
1683,13
1684,11
1685,9
1686,8
1687,6
1688,9
1689,9
1690,13
1691,11
1692,16
1693,15
1694,13
1695,9
1696,20
1697,11
1698,11
1699,13
1700,8
1701,9
1702,21
1703,13
1704,13
1705,14
1706,6
1707,9
1708,7
1709,7
1710,7
1711,11
1712,13
1713,14
1714,17
1715,8
1716,11
1717,13
1718,12
1719,14
1720,14
1721,13
1722,19
1723,9
1724,8
1725,6
1726,11
1727,13
1728,20
1729,5
1730,9
1731,6
1732,12
1733,22
1734,20
1735,9
1736,19
1737,13
1738,14
1739,9
1740,19
1741,8
1742,15
1743,9
1744,20
1745,17
1746,10
1747,8
1748,13
1749,13
1750,10
1751,13
1752,9
1753,14
1754,6
1755,11
1756,6
1757,10
1758,17
1759,10
1760,23
1761,21
1762,7
1763,8
1764,13
1765,11
1766,13
1767,7
1768,9
1769,19
1770,12
1771,22
1772,19
1773,11
1774,11
1775,12
1776,9
1777,8
1778,9
1779,14
1780,14
1781,18
1782,9
1783,11
1784,14
1785,10
1786,23
1787,18
1788,7
1789,18
1790,13
1791,10
1792,14
1793,6
1794,9
1795,17
1796,11
1797,12
1798,18
1799,11
1800,13
1801,10
1802,20
1803,15
1804,10
1805,11
1806,15
1807,9
1808,19
1809,12
1810,10
1811,10
1812,14
1813,6
1814,20
1815,12
1816,13
1817,15
1818,8
1819,6
1820,11
1821,9
1822,10
1823,11
1824,5
1825,16
1826,13
1827,12
1828,12
1829,8
1830,8
1831,8
1832,7
1833,14
1834,14
1835,10
1836,15
1837,9
1838,7
1839,10
1840,14
1841,17
1842,7
1843,15
1844,16
1845,6
1846,7
1847,25
1848,6
1849,8
1850,9
1851,14
1852,7
1853,13
1854,8
1855,21
1856,9
1857,7
1858,6
1859,13
1860,13
1861,11
1862,13
1863,13
1864,23
1865,16
1866,13
1867,13
1868,9
1869,9
1870,10
1871,12
1872,13
1873,15
1874,10
1875,13
1876,19
1877,6
1878,9
1879,9
1880,15
1881,8
1882,11
1883,9
1884,6
1885,15
1886,12
1887,17
1888,14
1889,17
1890,14
1891,11
1892,8
1893,11
1894,13
1895,10
1896,10
1897,9
1898,7
1899,10
1900,10
1901,10
1902,12
1903,8
1904,6
1905,22
1906,9
1907,10
1908,13
1909,14
1910,13
1911,12
1912,12
1913,10
1914,8
1915,11
1916,8
1917,7
1918,9
1919,14
1920,15
1921,10
1922,14
1923,11
1924,7
1925,10
1926,10
1927,9
1928,7
1929,9
1930,12
1931,10
1932,11
1933,20
1934,11
1935,6
1936,10
1937,15
1938,12
1939,12
1940,9
1941,16
1942,23
1943,16
1944,11
1945,8
1946,15
1947,11
1948,16
1949,21
1950,10
1951,13
1952,14
1953,15
1954,12
1955,14
1956,11
1957,7
1958,5
1959,9
1960,16
1961,12
1962,19
1963,7
1964,16
1965,11
1966,15
1967,8
1968,8
1969,9
1970,7
1971,6
1972,13
1973,11
1974,7
1975,7
1976,19
1977,14
1978,11
1979,11
1980,18
1981,9
1982,9
1983,10
1984,12
1985,13
1986,13
1987,15
1988,11
1989,10
1990,13
1991,20
1992,10
1993,12
1994,19
1995,13
1996,11
1997,16
1998,10
1999,8
2000,8
2001,9
2002,15
2003,11
2004,5
2005,10
2006,10
2007,16
2008,13
2009,12
2010,9
2011,8
2012,9
2013,7
2014,9
2015,15
2016,7
2017,7
2018,12
2019,6
2020,15
2021,20
2022,11
2023,18
2024,6
2025,7
2026,18
2027,7
2028,9
2029,8
2030,12
2031,18
2032,7
2033,8
2034,10
2035,5
2036,6
2037,12
2038,8
2039,12
2040,7
2041,5
2042,15
2043,8
2044,5
2045,9
2046,5
2047,9
2048,6
2049,10
2050,16
2051,8
2052,12
2053,5
2054,16
2055,6
2056,6
2057,7
2058,7
2059,9
2060,8
2061,14
2062,8
2063,10
2064,8
2065,9
2066,11
2067,18
2068,14
2069,14
2070,12
2071,9
2072,8
2073,10
2074,13
2075,11
2076,12
2077,8
2078,18
2079,11
2080,8
2081,10
2082,13
2083,16
2084,8
2085,14
2086,13
2087,6
2088,14
2089,9
2090,16
2091,5
2092,14
2093,13
2094,12
2095,11
2096,9
2097,6
2098,16
2099,7
2100,11
2101,14
2102,6
2103,7
2104,11
2105,14
2106,11
2107,7
2108,14
2109,9
2110,11
2111,9
2112,7
2113,14
2114,18
2115,6
2116,9
2117,8
2118,17
2119,8
2120,10
2121,7
2122,13
2123,12
2124,14
2125,16
2126,12
2127,13
2128,12
2129,12
2130,16
2131,9
2132,10
2133,7
2134,12
2135,17
2136,11
2137,7
2138,10
2139,8
2140,15
2141,10
2142,18
2143,10
2144,8
2145,10
2146,7
2147,9
2148,7
2149,10
2150,7
2151,7
2152,12
2153,6
2154,6
2155,12
2156,13
2157,10
2158,14
2159,14
2160,15
2161,11
2162,12
2163,11
2164,10
2165,7
2166,15
2167,10
2168,12
2169,12
2170,8
2171,12
2172,11
2173,9
2174,17
2175,10
2176,6
2177,9
2178,13
2179,17
2180,17
2181,9
2182,12
2183,12
2184,9
2185,13
2186,10
2187,5
2188,8
2189,11
2190,14
2191,9
2192,9
2193,11
2194,9
2195,14
2196,7
2197,8
2198,8
2199,10
2200,5
2201,8
2202,5
2203,12
2204,17
2205,8
2206,9
2207,10
2208,9
2209,15
2210,7
2211,8
2212,8
2213,11
2214,20
2215,10
2216,13
2217,5
2218,10
2219,10
2220,14
2221,14
2222,15
2223,16
2224,13
2225,9
2226,8
2227,7
2228,7
2229,10
2230,10
2231,16
2232,11
2233,9
2234,8
2235,8
2236,12
2237,12
2238,6
2239,25
2240,12
2241,11
2242,5
2243,7
2244,14
2245,10
2246,11
2247,11
2248,7
2249,8
2250,8
2251,10
2252,18
2253,9
2254,13
2255,7
2256,7
2257,13
2258,12
2259,8
2260,12
2261,7
2262,9
2263,13
2264,12
2265,13
2266,15
2267,8
2268,8
2269,18
2270,7
2271,21
2272,13
2273,9
2274,10
2275,6
2276,8
2277,9
2278,11
2279,16
2280,10
2281,10
2282,8
2283,11
2284,19
2285,11
2286,10
2287,15
2288,7
2289,8
2290,6
2291,7
2292,6
2293,9
2294,16
2295,14
2296,6
2297,18
2298,13
2299,7
2300,9
2301,9
2302,13
2303,11
2304,7
2305,18
2306,9
2307,13
2308,11
2309,16
2310,11
2311,11
2312,9
2313,8
2314,9
2315,13
2316,5
2317,8
2318,8
2319,11
2320,6
2321,13
2322,6
2323,17
2324,7
2325,20
2326,9
2327,7
2328,6
2329,9
2330,7
2331,11
2332,8
2333,12
2334,9
2335,8
2336,12
2337,6
2338,11
2339,7
2340,7
2341,6
2342,12
2343,15
2344,11
2345,9
2346,5
2347,19
2348,9
2349,8
2350,9
2351,14
2352,11
2353,16
2354,5
2355,9
2356,7
2357,13
2358,15
2359,10
2360,13
2361,11
2362,17
2363,6
2364,7
2365,10
2366,7
2367,10
2368,8
2369,10
2370,9
2371,10
2372,9
2373,15
2374,6
2375,10
2376,7
2377,6
2378,9
2379,8
2380,9
2381,9
2382,10
2383,10
2384,10
2385,11
2386,8
2387,7
2388,15
2389,5
2390,9
2391,10
2392,10
2393,11
2394,14
2395,10
2396,9
2397,14
2398,10
2399,13
2400,6
2401,12
2402,12
2403,7
2404,9
2405,10
2406,9
2407,8
2408,6
2409,9
2410,8
2411,8
2412,8
2413,6
2414,8
2415,16
2416,5
2417,15
2418,7
2419,6
2420,8
2421,9
2422,6
2423,9
2424,8
2425,16
2426,7
2427,10
2428,6
2429,11
2430,9
2431,13
2432,16
2433,8
2434,9
2435,11
2436,11
2437,9
2438,14
2439,9
2440,13
2441,10
2442,9
2443,9
2444,5
2445,8
2446,10
2447,10
2448,5
2449,12
2450,9
2451,8
2452,8
2453,9
2454,8
2455,9
2456,10
2457,7
2458,6
2459,7
2460,12
2461,13
2462,8
2463,9
2464,11
2465,17
2466,8
2467,11
2468,9
2469,13
2470,13
2471,10
2472,8
2473,8
2474,9
2475,6
2476,12
2477,15
2478,6
2479,12
2480,13
2481,8
2482,9
2483,6
2484,10
2485,13
2486,26
2487,13
2488,11
2489,11
2490,8
2491,7
2492,6
2493,6
2494,7
2495,20
2496,15
2497,7
2498,9
2499,17
2500,12
2501,11
2502,11
2503,17
2504,14
2505,10
2506,8
2507,9
2508,8
2509,13
2510,10
2511,9
2512,10
2513,7
2514,10
2515,11
2516,16
2517,12
2518,8
2519,6
2520,9
2521,8
2522,12
2523,22
2524,9
2525,5
2526,13
2527,7
2528,13
2529,5
2530,10
2531,8
2532,10
2533,13
2534,12
2535,10
2536,12
2537,14
2538,8
2539,11
2540,14
2541,11
2542,8
2543,9
2544,8
2545,8
2546,4
2547,11
2548,11
2549,10
2550,8
2551,14
2552,7
2553,10
2554,13
2555,7
2556,8
2557,6
2558,15
2559,11
2560,10
2561,7
2562,8
2563,9
2564,9
2565,12
2566,12
2567,8
2568,8
2569,9
2570,8
2571,7
2572,12
2573,5
2574,11
2575,11
2576,6
2577,12
2578,5
2579,7
2580,8
2581,14
2582,9
2583,11
2584,9
2585,9
2586,12
2587,18
2588,6
2589,11
2590,12
2591,17
2592,12
2593,12
2594,6
2595,14
2596,8
2597,8
2598,6
2599,19
2600,9
2601,7
2602,10
2603,9
2604,6
2605,9
2606,6
2607,11
2608,8
2609,8
2610,9
2611,11
2612,8
2613,6
2614,11
2615,10
2616,8
2617,9
2618,9
2619,9
2620,9
2621,11
2622,8
2623,6
2624,7
2625,7
2626,9
2627,10
2628,9
2629,16
2630,7
2631,8
2632,7
2633,7
2634,9
2635,17
2636,11
2637,8
2638,10
2639,9
2640,7
2641,7
2642,8
2643,9
2644,9
2645,6
2646,8
2647,12
2648,12
2649,9
2650,6
2651,10
2652,12
2653,6
2654,9
2655,6
2656,11
2657,9
2658,8
2659,8
2660,9
2661,17
2662,12
2663,9
2664,6
2665,15
2666,7
2667,10
2668,13
2669,8
2670,6
2671,8
2672,8
2673,9
2674,7
2675,11
2676,9
2677,12
2678,6
2679,11
2680,7
2681,7
2682,11
2683,6
2684,11
2685,6
2686,8
2687,7
2688,8
2689,7
2690,18
2691,8
2692,8
2693,7
2694,11
2695,12
2696,10
2697,10
2698,8
2699,6
2700,8
2701,9
2702,8
2703,9
2704,9
2705,12
2706,10
2707,13
2708,12
2709,7
2710,11
2711,20
2712,10
2713,13
2714,6
2715,6
2716,8
2717,7
2718,8
2719,18
2720,10
2721,10
2722,9
2723,9
2724,8
2725,8
2726,10
2727,9
2728,9
2729,11
2730,11
2731,8
2732,10
2733,13
2734,9
2735,10
2736,9
2737,10
2738,13
2739,8
2740,9
2741,17
2742,5
2743,8
2744,12
2745,12
2746,8
2747,6
2748,10
2749,6
2750,8
2751,11
2752,6
2753,8
2754,19
2755,10
2756,11
2757,9
2758,7
2759,7
2760,11
2761,18
2762,8
2763,6
2764,8
2765,9
2766,8
2767,6
2768,8
2769,9
2770,12
2771,7
2772,12
2773,13
2774,6
2775,11
2776,20
2777,5
2778,6
2779,10
2780,16
2781,7
2782,11
2783,12
2784,16
2785,6
2786,6
2787,7
2788,6
2789,9
2790,7
2791,9
2792,12
2793,8
2794,9
2795,9
2796,13
2797,6
2798,5
2799,8
2800,6
2801,5
2802,11
2803,7
2804,8
2805,8
2806,8
2807,7
2808,12
2809,6
2810,5
2811,11
2812,12
2813,8
2814,9
2815,8
2816,10
2817,6
2818,6
2819,8
2820,8
2821,13
2822,13
2823,9
2824,11
2825,9
2826,7
2827,11
2828,14
2829,8
2830,9
2831,12
2832,19
2833,7
2834,5
2835,7
2836,10
2837,8
2838,5
2839,7
2840,10
2841,7
2842,8
2843,7
2844,9
2845,13
2846,13
2847,9
2848,9
2849,6
2850,10
2851,8
2852,6
2853,6
2854,11
2855,7
2856,5
2857,12
2858,12
2859,7
2860,7
2861,9
2862,18
2863,5
2864,10
2865,12
2866,8
2867,8
2868,8
2869,7
2870,13
2871,5
2872,6
2873,10
2874,8
2875,9
2876,7
2877,9
2878,13
2879,10
2880,11
2881,7
2882,9
2883,11
2884,8
2885,9
2886,6
2887,11
2888,9
2889,10
2890,9
2891,11
2892,8
2893,11
2894,10
2895,10
2896,8
2897,8
2898,6
2899,6
2900,8
2901,8
2902,8
2903,19
2904,13
2905,8
2906,13
2907,5
2908,7
2909,9
2910,17
2911,14
2912,7
2913,5
2914,6
2915,6
2916,11
2917,11
2918,7
2919,6
2920,6
2921,7
2922,6
2923,11
2924,14
2925,11
2926,10
2927,7
2928,13
2929,4
2930,8
2931,15
2932,9
2933,9
2934,7
2935,9
2936,8
2937,12
2938,5
2939,9
2940,11
2941,12
2942,12
2943,8
2944,8
2945,10
2946,7
2947,6
2948,8
2949,7
2950,6
2951,10
2952,12
2953,11
2954,8
2955,14
2956,6
2957,11
2958,6
2959,11
2960,4
2961,8
2962,5
2963,12
2964,7
2965,13
2966,14
2967,8
2968,7
2969,6
2970,12
2971,6
2972,7
2973,10
2974,14
2975,8
2976,10
2977,8
2978,8
2979,5
2980,8
2981,6
2982,5
2983,8
2984,11
2985,6
2986,5
2987,8
2988,6
2989,11
2990,9
2991,8
2992,8
2993,7
2994,13
2995,7
2996,14
2997,10
2998,8
2999,8
3000,6
3001,8
3002,11
3003,10
3004,9
3005,7
3006,16
3007,7
3008,8
3009,9
3010,6
3011,11
3012,8
3013,7
3014,9
3015,17
3016,7
3017,8
3018,8
3019,10
3020,7
3021,14
3022,6
3023,7
3024,11
3025,9
3026,11
3027,7
3028,11
3029,8
3030,7
3031,8
3032,7
3033,15
3034,11
3035,7
3036,16
3037,9
3038,7
3039,5
3040,10
3041,6
3042,13
3043,10
3044,5
3045,12
3046,7
3047,8
3048,10
3049,7
3050,12
3051,5
3052,11
3053,12
3054,5
3055,8
3056,6
3057,6
3058,6
3059,11
3060,5
3061,11
3062,12
3063,11
3064,8
3065,10
3066,10
3067,12
3068,7
3069,10
3070,7
3071,7
3072,16
3073,8
3074,7
3075,13
3076,8
3077,18
3078,13
3079,5
3080,6
3081,6
3082,11
3083,5
3084,9
3085,9
3086,6
3087,5
3088,10
3089,11
3090,9
3091,6
3092,12
3093,9
3094,9
3095,13
3096,7
3097,11
3098,11
3099,11
3100,8
3101,11
3102,8
3103,6
3104,7
3105,10
3106,8
3107,9
3108,11
3109,12
3110,7
3111,10
3112,8
3113,9
3114,12
3115,4
3116,6
3117,7
3118,11
3119,10
3120,9
3121,7
3122,6
3123,16
3124,5
3125,10
3126,10
3127,11
3128,7
3129,5
3130,8
3131,12
3132,9
3133,8
3134,6
3135,5
3136,14
3137,9
3138,8
3139,13
3140,6
3141,10
3142,6
3143,8
3144,6
3145,7
3146,12
3147,7
3148,8
3149,11
3150,17
3151,9
3152,10
3153,9
3154,9
3155,14
3156,10
3157,10
3158,10
3159,9
3160,6
3161,11
3162,11
3163,10
3164,13
3165,11
3166,6
3167,14
3168,8
3169,7
3170,8
3171,11
3172,8
3173,11
3174,10
3175,6
3176,8
3177,7
3178,9
3179,13
3180,9
3181,13
3182,8
3183,6
3184,7
3185,7
3186,8
3187,6
3188,5
3189,7
3190,5
3191,9
3192,6
3193,8
3194,8
3195,10
3196,10
3197,8
3198,9
3199,12
3200,6
3201,12
3202,10
3203,9
3204,11
3205,12
3206,13
3207,6
3208,8
3209,7
3210,5
3211,5
3212,11
3213,7
3214,6
3215,9
3216,11
3217,6
3218,10
3219,13
3220,10
3221,11
3222,7
3223,8
3224,11
3225,6
3226,10
3227,8
3228,8
3229,17
3230,8
3231,5
3232,7
3233,17
3234,10
3235,7
3236,8
3237,7
3238,7
3239,7
3240,8
3241,12
3242,6
3243,6
3244,9
3245,7
3246,7
3247,10
3248,6
3249,11
3250,10
3251,6
3252,8
3253,9
3254,10
3255,9
3256,10
3257,13
3258,8
3259,9
3260,7
3261,6
3262,6
3263,10
3264,6
3265,8
3266,7
3267,10
3268,7
3269,8
3270,6
3271,7
3272,7
3273,12
3274,6
3275,8
3276,9
3277,7
3278,10
3279,8
3280,13
3281,18
3282,6
3283,11
3284,8
3285,17
3286,9
3287,10
3288,11
3289,11
3290,5
3291,7
3292,12
3293,9
3294,11
3295,6
3296,6
3297,8
3298,6
3299,7
3300,10
3301,6
3302,9
3303,7
3304,8
3305,6
3306,13
3307,8
3308,10
3309,8
3310,5
3311,8
3312,7
3313,11
3314,11
3315,7
3316,9
3317,6
3318,10
3319,7
3320,11
3321,9
3322,11
3323,5
3324,8
3325,8
3326,10
3327,7
3328,11
3329,12
3330,8
3331,7
3332,7
3333,7
3334,11
3335,5
3336,10
3337,8
3338,10
3339,7
3340,8
3341,8
3342,17
3343,8
3344,7
3345,11
3346,6
3347,8
3348,7
3349,5
3350,10
3351,9
3352,9
3353,8
3354,6
3355,6
3356,7
3357,13
3358,7
3359,5
3360,13
3361,11
3362,10
3363,12
3364,9
3365,13
3366,10
3367,7
3368,11
3369,10
3370,7
3371,8
3372,13
3373,13
3374,6
3375,8
3376,5
3377,17
3378,7
3379,11
3380,11
3381,7
3382,6
3383,9
3384,12
3385,7
3386,7
3387,6
3388,5
3389,7
3390,7
3391,6
3392,11
3393,8
3394,8
3395,6
3396,9
3397,6
3398,6
3399,13
3400,9
3401,8
3402,6
3403,13
3404,8
3405,8
3406,7
3407,7
3408,7
3409,5
3410,8
3411,7
3412,9
3413,10
3414,7
3415,11
3416,8
3417,11
3418,7
3419,7
3420,7
3421,11
3422,13
3423,12
3424,10
3425,10
3426,8
3427,8
3428,8
3429,6
3430,14
3431,9
3432,12
3433,9
3434,8
3435,6
3436,6
3437,11
3438,8
3439,13
3440,5
3441,8
3442,6
3443,12
3444,8
3445,10
3446,6
3447,8
3448,10
3449,14
3450,5
3451,8
3452,8
3453,8
3454,9
3455,6
3456,5
3457,12
3458,10
3459,8
3460,10
3461,9
3462,11
3463,6
3464,4
3465,4
3466,11
3467,7
3468,8
3469,14
3470,9
3471,8
3472,10
3473,5
3474,13
3475,9
3476,11
3477,8
3478,7
3479,7
3480,11
3481,6
3482,11
3483,6
3484,9
3485,9
3486,8
3487,9
3488,5
3489,9
3490,8
3491,7
3492,5
3493,9
3494,8
3495,9
3496,7
3497,8
3498,9
3499,7
3500,6
3501,11
3502,7
3503,7
3504,8
3505,14
3506,7
3507,9
3508,7
3509,6
3510,6
3511,8
3512,10
3513,11
3514,9
3515,6
3516,6
3517,10
3518,6
3519,10
3520,10
3521,9
3522,12
3523,11
3524,5
3525,6
3526,7
3527,13
3528,6
3529,9
3530,6
3531,7
3532,7
3533,4
3534,7
3535,10
3536,4
3537,11
3538,15
3539,9
3540,9
3541,12
3542,8
3543,8
3544,7
3545,6
3546,9
3547,7
3548,8
3549,8
3550,8
3551,8
3552,8
3553,12
3554,8
3555,6
3556,9
3557,11
3558,8
3559,10
3560,8
3561,7
3562,7
3563,8
3564,6
3565,10
3566,7
3567,7
3568,8
3569,9
3570,7
3571,6
3572,10
3573,12
3574,7
3575,10
3576,10
3577,8
3578,8
3579,6
3580,8
3581,9
3582,11
3583,12
3584,7
3585,10
3586,6
3587,12
3588,11
3589,6
3590,12
3591,5
3592,8
3593,7
3594,6
3595,14
3596,6
3597,6
3598,6
3599,8
3600,5
3601,7
3602,9
3603,15
3604,9
3605,9
3606,7
3607,13
3608,10
3609,9
3610,8
3611,9
3612,8
3613,6
3614,10
3615,9
3616,11
3617,9
3618,6
3619,10
3620,7
3621,11
3622,6
3623,6
3624,5
3625,11
3626,10
3627,8
3628,9
3629,6
3630,9
3631,7
3632,6
3633,19
3634,13
3635,8
3636,5
3637,5
3638,9
3639,9
3640,6
3641,7
3642,8
3643,9
3644,8
3645,8
3646,8
3647,10
3648,6
3649,7
3650,7
3651,10
3652,10
3653,11
3654,11
3655,10
3656,7
3657,7
3658,6
3659,12
3660,9
3661,5
3662,14
3663,6
3664,8
3665,6
3666,9
3667,9
3668,6
3669,10
3670,7
3671,7
3672,7
3673,9
3674,12
3675,5
3676,6
3677,9
3678,7
3679,7
3680,11
3681,15
3682,5
3683,13
3684,8
3685,6
3686,7
3687,10
3688,9
3689,7
3690,6
3691,8
3692,6
3693,6
3694,6
3695,6
3696,9
3697,5
3698,8
3699,7
3700,8
3701,7
3702,13
3703,8
3704,7
3705,6
3706,8
3707,6
3708,8
3709,10
3710,17
3711,11
3712,9
3713,12
3714,11
3715,6
3716,14
3717,9
3718,6
3719,11
3720,8
3721,8
3722,11
3723,9
3724,8
3725,6
3726,10
3727,11
3728,9
3729,8
3730,8
3731,11
3732,6
3733,8
3734,10
3735,9
3736,8
3737,5
3738,8
3739,6
3740,10
3741,6
3742,7
3743,7
3744,9
3745,7
3746,6
3747,7
3748,6
3749,7
3750,11
3751,15
3752,11
3753,6
3754,8
3755,9
3756,9
3757,8
3758,7
3759,10
3760,9
3761,14
3762,6
3763,7
3764,6
3765,7
3766,8
3767,6
3768,8
3769,6
3770,6
3771,9
3772,5
3773,8
3774,9
3775,7
3776,8
3777,7
3778,10
3779,9
3780,7
3781,9
3782,9
3783,10
3784,6
3785,13
3786,14
3787,18
3788,9
3789,10
3790,7
3791,7
3792,9
3793,9
3794,7
3795,12
3796,7
3797,6
3798,5
3799,7
3800,9
3801,6
3802,6
3803,15
3804,7
3805,7
3806,7
3807,8
3808,10
3809,7
3810,9
3811,15
3812,9
3813,13
3814,7
3815,5
3816,5
3817,7
3818,9
3819,8
3820,8
3821,8
3822,10
3823,10
3824,6
3825,6
3826,10
3827,13
3828,7
3829,9
3830,8
3831,6
3832,9
3833,8
3834,6
3835,8
3836,8
3837,8
3838,5
3839,6
3840,7
3841,10
3842,8
3843,9
3844,6
3845,8
3846,7
3847,9
3848,7
3849,7
3850,9
3851,7
3852,7
3853,7
3854,7
3855,7
3856,8
3857,8
3858,13
3859,7
3860,15
3861,6
3862,8
3863,9
3864,9
3865,7
3866,7
3867,9
3868,10
3869,5
3870,6
3871,7
3872,7
3873,11
3874,13
3875,6
3876,9
3877,8
3878,5
3879,9
3880,9
3881,5
3882,6
3883,12
3884,7
3885,11
3886,6
3887,6
3888,6
3889,10
3890,9
3891,5
3892,7
3893,11
3894,6
3895,9
3896,9
3897,6
3898,9
3899,9
3900,9
3901,6
3902,11
3903,11
3904,11
3905,5
3906,9
3907,6
3908,7
3909,8
3910,6
3911,5
3912,7
3913,6
3914,5
3915,7
3916,5
3917,7
3918,7
3919,7
3920,8
3921,9
3922,10
3923,11
3924,10
3925,5
3926,8
3927,6
3928,7
3929,8
3930,6
3931,8
3932,10
3933,5
3934,7
3935,11
3936,8
3937,6
3938,9
3939,7
3940,6
3941,7
3942,6
3943,8
3944,9
3945,6
3946,7
3947,7
3948,8
3949,7
3950,10
3951,7
3952,6
3953,6
3954,9
3955,10
3956,8
3957,9
3958,8
3959,17
3960,6
3961,9
3962,8
3963,8
3964,7
3965,8
3966,6
3967,6
3968,9
3969,9
3970,6
3971,6
3972,7
3973,8
3974,11
3975,6
3976,5
3977,9
3978,6
3979,8
3980,9
3981,5
3982,6
3983,11
3984,7
3985,8
3986,5
3987,10
3988,9
3989,6
3990,5
3991,8
3992,8
3993,9
3994,6
3995,7
3996,7
3997,8
3998,7
3999,8
4000,12
4001,7
4002,11
4003,8
4004,5
4005,7
4006,7
4007,7
4008,8
4009,6
4010,7
4011,8
4012,7
4013,9
4014,6
4015,7
4016,10
4017,9
4018,8
4019,7
4020,9
4021,10
4022,13
4023,6
4024,7
4025,9
4026,7
4027,9
4028,6
4029,7
4030,7
4031,7
4032,8
4033,5
4034,9
4035,5
4036,6
4037,11
4038,7
4039,8
4040,6
4041,6
4042,9
4043,7
4044,7
4045,6
4046,9
4047,8
4048,8
4049,8
4050,12
4051,9
4052,6
4053,9
4054,14
4055,11
4056,12
4057,9
4058,4
4059,6
4060,13
4061,11
4062,5
4063,8
4064,7
4065,5
4066,12
4067,5
4068,8
4069,6
4070,6
4071,7
4072,10
4073,6
4074,14
4075,7
4076,11
4077,5
4078,5
4079,9
4080,9
4081,9
4082,8
4083,10
4084,5
4085,7
4086,5
4087,14
4088,11
4089,6
4090,8
4091,5
4092,12
4093,9
4094,8
4095,12
4096,12
4097,7
4098,6
4099,8
4100,8
4101,5
4102,7
4103,10
4104,6
4105,8
4106,7
4107,9
4108,10
4109,10
4110,7
4111,12
4112,6
4113,6
4114,7
4115,6
4116,7
4117,7
4118,11
4119,10
4120,7
4121,8
4122,7
4123,8
4124,7
4125,5
4126,8
4127,12
4128,7
4129,9
4130,6
4131,7
4132,11
4133,6
4134,6
4135,9
4136,5
4137,8
4138,6
4139,9
4140,9
4141,6
4142,6
4143,5
4144,5
4145,7
4146,8
4147,6
4148,5
4149,10
4150,5
4151,5
4152,8
4153,9
4154,5
4155,5
4156,9
4157,18
4158,7
4159,12
4160,8
4161,5
4162,7
4163,7
4164,10
4165,10
4166,7
4167,5
4168,7
4169,9
4170,4
4171,7
4172,6
4173,7
4174,6
4175,9
4176,9
4177,9
4178,15
4179,9
4180,7
4181,11
4182,7
4183,8
4184,9
4185,5
4186,10
4187,5
4188,7
4189,11
4190,10
4191,5
4192,9
4193,5
4194,7
4195,8
4196,10
4197,8
4198,6
4199,6
4200,6
4201,11
4202,8
4203,8
4204,12
4205,8
4206,11
4207,6
4208,8
4209,6
4210,7
4211,5
4212,10
4213,9
4214,8
4215,5
4216,6
4217,10
4218,6
4219,10
4220,9
4221,7
4222,9
4223,6
4224,7
4225,9
4226,12
4227,8
4228,7
4229,7
4230,5
4231,6
4232,5
4233,7
4234,5
4235,7
4236,9
4237,8
4238,6
4239,6
4240,7
4241,6
4242,6
4243,6
4244,7
4245,7
4246,7
4247,6
4248,5
4249,9
4250,6
4251,7
4252,8
4253,13
4254,7
4255,4
4256,8
4257,5
4258,8
4259,9
4260,7
4261,6
4262,6
4263,10
4264,5
4265,8
4266,5
4267,8
4268,10
4269,10
4270,8
4271,5
4272,11
4273,10
4274,9
4275,8
4276,9
4277,8
4278,8
4279,6
4280,9
4281,6
4282,9
4283,5
4284,6
4285,8
4286,11
4287,6
4288,10
4289,10
4290,11
4291,6
4292,5
4293,9
4294,9
4295,11
4296,7
4297,7
4298,11
4299,10
4300,5
4301,8
4302,8
4303,6
4304,8
4305,7
4306,7
4307,5
4308,10
4309,5
4310,9
4311,8
4312,7
4313,6
4314,5
4315,7
4316,10
4317,6
4318,6
4319,6
4320,6
4321,9
4322,6
4323,6
4324,8
4325,6
4326,11
4327,5
4328,5
4329,8
4330,8
4331,5
4332,5
4333,7
4334,6
4335,12
4336,6
4337,8
4338,7
4339,8
4340,8
4341,7
4342,5
4343,6
4344,9
4345,6
4346,5
4347,12
4348,6
4349,8
4350,6
4351,7
4352,7
4353,7
4354,7
4355,13
4356,6
4357,5
4358,8
4359,9
4360,7
4361,9
4362,6
4363,4
4364,6
4365,5
4366,12
4367,6
4368,6
4369,9
4370,5
4371,5
4372,6
4373,8
4374,5
4375,6
4376,8
4377,8
4378,6
4379,5
4380,7
4381,13
4382,6
4383,8
4384,5
4385,9
4386,8
4387,6
4388,6
4389,7
4390,6
4391,9
4392,11
4393,10
4394,7
4395,11
4396,8
4397,12
4398,7
4399,11
4400,9
4401,6
4402,6
4403,6
4404,7
4405,5
4406,9
4407,7
4408,6
4409,6
4410,6
4411,5
4412,7
4413,6
4414,9
4415,6
4416,6
4417,8
4418,6
4419,12
4420,5
4421,7
4422,6
4423,7
4424,9
4425,8
4426,9
4427,6
4428,7
4429,8
4430,7
4431,11
4432,12
4433,5
4434,7
4435,8
4436,10
4437,9
4438,7
4439,6
4440,9
4441,6
4442,8
4443,7
4444,8
4445,6
4446,7
4447,6
4448,6
4449,5
4450,6
4451,8
4452,7
4453,6
4454,7
4455,7
4456,8
4457,9
4458,11
4459,8
4460,8
4461,11
4462,8
4463,7
4464,8
4465,11
4466,6
4467,8
4468,6
4469,10
4470,9
4471,5
4472,7
4473,8
4474,9
4475,7
4476,10
4477,6
4478,5
4479,7
4480,6
4481,6
4482,6
4483,7
4484,9
4485,7
4486,5
4487,8
4488,9
4489,10
4490,5
4491,6
4492,7
4493,6
4494,9
4495,5
4496,10
4497,6
4498,7
4499,6
4500,8
4501,5
4502,5
4503,7
4504,7
4505,8
4506,5
4507,7
4508,5
4509,7
4510,8
4511,6
4512,6
4513,5
4514,6
4515,6
4516,5
4517,7
4518,5
4519,7
4520,10
4521,9
4522,7
4523,5
4524,10
4525,6
4526,7
4527,8
4528,7
4529,5
4530,10
4531,7
4532,8
4533,6
4534,5
4535,5
4536,9
4537,9
4538,6
4539,7
4540,6
4541,5
4542,7
4543,7
4544,8
4545,8
4546,5
4547,10
4548,6
4549,12
4550,5
4551,5
4552,6
4553,5
4554,8
4555,9
4556,8
4557,8
4558,10
4559,5
4560,5
4561,6
4562,5
4563,8
4564,12
4565,10
4566,7
4567,7
4568,7
4569,7
4570,6
4571,7
4572,6
4573,8
4574,11
4575,7
4576,9
4577,8
4578,6
4579,5
4580,10
4581,6
4582,6
4583,5
4584,8
4585,9
4586,7
4587,10
4588,6
4589,8
4590,7
4591,8
4592,9
4593,8
4594,5
4595,8
4596,5
4597,6
4598,7
4599,5
4600,6
4601,8
4602,6
4603,7
4604,9
4605,10
4606,9
4607,10
4608,9
4609,10
4610,6
4611,8
4612,8
4613,15
4614,5
4615,11
4616,6
4617,8
4618,6
4619,6
4620,6
4621,6
4622,6
4623,5
4624,5
4625,13
4626,9
4627,9
4628,6
4629,6
4630,5
4631,8
4632,7
4633,4
4634,7
4635,6
4636,7
4637,10
4638,6
4639,8
4640,8
4641,9
4642,5
4643,4
4644,10
4645,7
4646,5
4647,7
4648,7
4649,7
4650,9
4651,9
4652,9
4653,9
4654,7
4655,10
4656,6
4657,9
4658,7
4659,7
4660,9
4661,8
4662,8
4663,5
4664,5
4665,9
4666,8
4667,11
4668,8
4669,8
4670,9
4671,6
4672,6
4673,5
4674,9
4675,9
4676,8
4677,7
4678,10
4679,7
4680,5
4681,6
4682,5
4683,7
4684,6
4685,4
4686,7
4687,6
4688,11
4689,6
4690,10
4691,8
4692,5
4693,5
4694,6
4695,7
4696,6
4697,6
4698,6
4699,6
4700,6
4701,5
4702,6
4703,9
4704,6
4705,9
4706,6
4707,10
4708,7
4709,9
4710,8
4711,5
4712,7
4713,7
4714,6
4715,7
4716,8
4717,5
4718,7
4719,6
4720,10
4721,6
4722,5
4723,8
4724,5
4725,7
4726,6
4727,5
4728,6
4729,6
4730,8
4731,6
4732,7
4733,5
4734,7
4735,10
4736,10
4737,8
4738,7
4739,8
4740,9
4741,12
4742,7
4743,5
4744,6
4745,7
4746,8
4747,9
4748,7
4749,5
4750,7
4751,7
4752,6
4753,6
4754,5
4755,5
4756,7
4757,6
4758,8
4759,5
4760,6
4761,10
4762,6
4763,9
4764,7
4765,10
4766,6
4767,5
4768,6
4769,8
4770,5
4771,6
4772,8
4773,5
4774,5
4775,10
4776,6
4777,8
4778,8
4779,11
4780,5
4781,9
4782,7
4783,8
4784,8
4785,8
4786,5
4787,8
4788,7
4789,10
4790,5
4791,7
4792,8
4793,6
4794,8
4795,6
4796,7
4797,6
4798,8
4799,10
4800,8
4801,6
4802,7
4803,6
4804,7
4805,6
4806,6
4807,13
4808,7
4809,5
4810,5
4811,8
4812,9
4813,10
4814,7
4815,7
4816,7
4817,5
4818,11
4819,5
4820,6
4821,5
4822,6
4823,6
4824,8
4825,12
4826,7
4827,6
4828,6
4829,6
4830,9
4831,7
4832,8
4833,9
4834,5
4835,6
4836,11
4837,6
4838,6
4839,6
4840,15
4841,8
4842,7
4843,6
4844,5
4845,6
4846,4
4847,8
4848,5
4849,7
4850,6
4851,6
4852,6
4853,8
4854,8
4855,5
4856,10
4857,10
4858,7
4859,8
4860,7
4861,13
4862,6
4863,6
4864,6
4865,6
4866,6
4867,10
4868,4
4869,8
4870,6
4871,8
4872,6
4873,5
4874,6
4875,5
4876,5
4877,7
4878,6
4879,6
4880,8
4881,9
4882,6
4883,6
4884,6
4885,4
4886,9
4887,5
4888,6
4889,7
4890,6
4891,6
4892,5
4893,5
4894,8
4895,6
4896,7
4897,10
4898,6
4899,9
4900,7
4901,5
4902,6
4903,6
4904,7
4905,5
4906,13
4907,6
4908,11
4909,5
4910,5
4911,6
4912,7
4913,9
4914,4
4915,7
4916,6
4917,7
4918,7
4919,6
4920,8
4921,7
4922,7
4923,5
4924,9
4925,5
4926,6
4927,4
4928,5
4929,7
4930,6
4931,9
4932,5
4933,10
4934,6
4935,8
4936,10
4937,6
4938,10
4939,5
4940,7
4941,5
4942,7
4943,9
4944,9
4945,7
4946,7
4947,8
4948,9
4949,9
4950,5
4951,7
4952,11
4953,6
4954,6
4955,6
4956,5
4957,6
4958,7
4959,11
4960,7
4961,7
4962,9
4963,5
4964,8
4965,6
4966,7
4967,7
4968,9
4969,7
4970,5
4971,5
4972,4
4973,6
4974,5
4975,6
4976,9
4977,6
4978,6
4979,6
4980,5
4981,6
4982,9
4983,7
4984,5
4985,5
4986,7
4987,6
4988,5
4989,5
4990,8
4991,8
4992,5
4993,6
4994,8
4995,7
4996,6
4997,6
4998,6
4999,6
5000,6
5001,8
5002,5
5003,7
5004,8
5005,6
5006,10
5007,7
5008,7
5009,6
5010,11
5011,6
5012,6
5013,6
5014,5
5015,8
5016,7
5017,6
5018,5
5019,7
5020,8
5021,5
5022,6
5023,9
5024,5
5025,7
5026,5
5027,7
5028,7
5029,5
5030,8
5031,5
5032,8
5033,9
5034,9
5035,5
5036,6
5037,7
5038,6
5039,8
5040,6
5041,8
5042,5
5043,10
5044,6
5045,10
5046,7
5047,6
5048,6
5049,6
5050,5
5051,8
5052,5
5053,9
5054,6
5055,6
5056,5
5057,6
5058,7
5059,5
5060,6
5061,7
5062,7
5063,6
5064,10
5065,6
5066,9
5067,6
5068,8
5069,5
5070,5
5071,6
5072,9
5073,8
5074,6
5075,4
5076,5
5077,6
5078,7
5079,8
5080,8
5081,8
5082,5
5083,7
5084,6
5085,8
5086,8
5087,9
5088,7
5089,6
5090,5
5091,6
5092,7
5093,5
5094,8
5095,6
5096,9
5097,7
5098,6
5099,10
5100,7
5101,6
5102,6
5103,7
5104,5
5105,6
5106,9
5107,7
5108,7
5109,5
5110,9
5111,8
5112,5
5113,7
5114,11
5115,8
5116,7
5117,8
5118,7
5119,7
5120,5
5121,9
5122,7
5123,9
5124,6
5125,6
5126,9
5127,5
5128,7
5129,5
5130,11
5131,7
5132,7
5133,6
5134,5
5135,8
5136,6
5137,7
5138,7
5139,5
5140,6
5141,6
5142,7
5143,7
5144,7
5145,5
5146,8
5147,6
5148,8
5149,5
5150,5
5151,5
5152,7
5153,10
5154,6
5155,8
5156,6
5157,5
5158,5
5159,5
5160,6
5161,7
5162,7
5163,6
5164,6
5165,7
5166,8
5167,5
5168,7
5169,6
5170,6
5171,5
5172,6
5173,5
5174,8
5175,9
5176,7
5177,10
5178,8
5179,8
5180,7
5181,6
5182,7
5183,8
5184,7
5185,5
5186,6
5187,6
5188,10
5189,6
5190,9
5191,8
5192,8
5193,5
5194,8
5195,9
5196,5
5197,12
5198,4
5199,5
5200,7
5201,4
5202,11
5203,5
5204,6
5205,6
5206,7
5207,8
5208,5
5209,6
5210,9
5211,6
5212,9
5213,9
5214,9
5215,6
5216,8
5217,9
5218,5
5219,6
5220,8
5221,7
5222,7
5223,6
5224,7
5225,12
5226,10
5227,7
5228,5
5229,8
5230,9
5231,7
5232,6
5233,8
5234,5
5235,7
5236,7
5237,6
5238,6
5239,7
5240,6
5241,12
5242,10
5243,5
5244,11
5245,9
5246,6
5247,8
5248,10
5249,7
5250,6
5251,7
5252,5
5253,8
5254,7
5255,9
5256,8
5257,6
5258,9
5259,6
5260,13
5261,8
5262,8
5263,5
5264,6
5265,10
5266,6
5267,7
5268,11
5269,5
5270,8
5271,5
5272,5
5273,7
5274,6
5275,6
5276,7
5277,8
5278,9
5279,7
5280,6
5281,5
5282,6
5283,6
5284,8
5285,7
5286,6
5287,5
5288,6
5289,6
5290,8
5291,11
5292,6
5293,6
5294,9
5295,10
5296,5
5297,6
5298,5
5299,6
5300,7
5301,9
5302,6
5303,6
5304,6
5305,5
5306,7
5307,10
5308,8
5309,8
5310,8
5311,8
5312,9
5313,9
5314,7
5315,7
5316,7
5317,6
5318,10
5319,7
5320,7
5321,8
5322,8
5323,6
5324,6
5325,8
5326,6
5327,6
5328,8
5329,6
5330,6
5331,7
5332,5
5333,6
5334,8
5335,7
5336,8
5337,7
5338,7
5339,6
5340,8
5341,7
5342,5
5343,8
5344,10
5345,8
5346,6
5347,6
5348,6
5349,8
5350,7
5351,8
5352,6
5353,7
5354,7
5355,9
5356,6
5357,8
5358,5
5359,5
5360,6
5361,6
5362,5
5363,9
5364,8
5365,8
5366,8
5367,5
5368,10
5369,6
5370,6
5371,8
5372,4
5373,7
5374,6
5375,6
5376,6
5377,7
5378,10
5379,7
5380,7
5381,8
5382,5
5383,5
5384,8
5385,9
5386,6
5387,8
5388,6
5389,10
5390,7
5391,9
5392,6
5393,13
5394,8
5395,6
5396,7
5397,6
5398,6
5399,6
5400,7
5401,7
5402,9
5403,5
5404,8
5405,5
5406,7
5407,5
5408,8
5409,7
5410,7
5411,8
5412,8
5413,9
5414,5
5415,6
5416,6
5417,9
5418,6
5419,10
5420,6
5421,5
5422,5
5423,5
5424,10
5425,8
5426,6
5427,7
5428,10
5429,9
5430,7
5431,9
5432,6
5433,6
5434,5
5435,5
5436,9
5437,4
5438,6
5439,7
5440,9
5441,7
5442,5
5443,5
5444,8
5445,6
5446,6
5447,10
5448,7
5449,9
5450,8
5451,7
5452,7
5453,6
5454,6
5455,7
5456,7
5457,5
5458,8
5459,5
5460,10
5461,9
5462,7
5463,6
5464,8
5465,5
5466,5
5467,8
5468,5
5469,6
5470,6
5471,8
5472,9
5473,5
5474,6
5475,5
5476,8
5477,5
5478,8
5479,6
5480,7
5481,7
5482,8
5483,5
5484,9
5485,7
5486,8
5487,8
5488,8
5489,6
5490,7
5491,5
5492,7
5493,7
5494,4
5495,7
5496,5
5497,7
5498,9
5499,6
5500,9
5501,5
5502,6
5503,5
5504,7
5505,8
5506,7
5507,5
5508,5
5509,5
5510,7
5511,7
5512,5
5513,7
5514,5
5515,5
5516,6
5517,7
5518,5
5519,6
5520,9
5521,7
5522,6
5523,8
5524,5
5525,7
5526,12
5527,8
5528,8
5529,5
5530,5
5531,5
5532,4
5533,8
5534,6
5535,6
5536,6
5537,5
5538,5
5539,5
5540,8
5541,5
5542,5
5543,8
5544,8
5545,5
5546,7
5547,5
5548,6
5549,5
5550,7
5551,14
5552,6
5553,6
5554,5
5555,7
5556,14
5557,9
5558,7
5559,7
5560,6
5561,6
5562,7
5563,6
5564,8
5565,5
5566,6
5567,6
5568,5
5569,7
5570,8
5571,6
5572,5
5573,10
5574,8
5575,7
5576,6
5577,10
5578,7
5579,6
5580,6
5581,9
5582,5
5583,9
5584,7
5585,7
5586,5
5587,6
5588,5
5589,8
5590,5
5591,5
5592,8
5593,8
5594,5
5595,8
5596,6
5597,10
5598,8
5599,5
5600,8
5601,7
5602,7
5603,7
5604,7
5605,7
5606,7
5607,6
5608,9
5609,6
5610,8
5611,7
5612,6
5613,8
5614,7
5615,10
5616,7
5617,6
5618,7
5619,8
5620,7
5621,5
5622,8
5623,7
5624,8
5625,5
5626,7
5627,6
5628,6
5629,5
5630,8
5631,5
5632,6
5633,6
5634,8
5635,6
5636,5
5637,6
5638,5
5639,7
5640,6
5641,5
5642,10
5643,7
5644,5
5645,8
5646,6
5647,8
5648,5
5649,6
5650,9
5651,7
5652,6
5653,6
5654,5
5655,7
5656,9
5657,5
5658,5
5659,9
5660,6
5661,5
5662,5
5663,6
5664,8
5665,6
5666,6
5667,10
5668,7
5669,6
5670,6
5671,7
5672,5
5673,7
5674,7
5675,7
5676,5
5677,12
5678,6
5679,6
5680,8
5681,6
5682,8
5683,8
5684,5
5685,6
5686,5
5687,8
5688,8
5689,7
5690,4
5691,5
5692,7
5693,7
5694,6
5695,7
5696,5
5697,6
5698,6
5699,10
5700,5
5701,9
5702,6
5703,9
5704,5
5705,7
5706,5
5707,7
5708,7
5709,7
5710,8
5711,8
5712,7
5713,5
5714,5
5715,8
5716,7
5717,6
5718,8
5719,8
5720,7
5721,6
5722,5
5723,5
5724,5
5725,7
5726,5
5727,4
5728,6
5729,8
5730,5
5731,5
5732,5
5733,5
5734,5
5735,6
5736,7
5737,9
5738,5
5739,6
5740,6
5741,7
5742,6
5743,6
5744,12
5745,6
5746,5
5747,5
5748,6
5749,6
5750,10
5751,7
5752,7
5753,6
5754,6
5755,8
5756,7
5757,6
5758,5
5759,7
5760,5
5761,5
5762,5
5763,8
5764,6
5765,10
5766,6
5767,8
5768,5
5769,5
5770,9
5771,5
5772,6
5773,6
5774,7
5775,7
5776,5
5777,7
5778,6
5779,6
5780,6
5781,5
5782,9
5783,8
5784,6
5785,7
5786,6
5787,7
5788,7
5789,6
5790,6
5791,8
5792,6
5793,10
5794,5
5795,5
5796,5
5797,7
5798,6
5799,8
5800,8
5801,7
5802,5
5803,8
5804,6
5805,6
5806,9
5807,7
5808,7
5809,6
5810,6
5811,9
5812,6
5813,5
5814,5
5815,5
5816,7
5817,7
5818,5
5819,5
5820,8
5821,8
5822,5
5823,8
5824,8
5825,6
5826,5
5827,8
5828,7
5829,7
5830,6
5831,7
5832,6
5833,6
5834,4
5835,6
5836,8
5837,5
5838,7
5839,7
5840,8
5841,6
5842,6
5843,7
5844,5
5845,6
5846,6
5847,10
5848,7
5849,5
5850,5
5851,5
5852,6
5853,8
5854,5
5855,4
5856,9
5857,5
5858,7
5859,6
5860,6
5861,8
5862,5
5863,7
5864,6
5865,7
5866,11
5867,5
5868,5
5869,5
5870,6
5871,6
5872,6
5873,5
5874,6
5875,7
5876,9
5877,10
5878,5
5879,5
5880,5
5881,6
5882,6
5883,5
5884,6
5885,6
5886,5
5887,7
5888,7
5889,5
5890,8
5891,5
5892,7
5893,9
5894,6
5895,5
5896,6
5897,6
5898,12
5899,7
5900,7
5901,5
5902,9
5903,6
5904,6
5905,7
5906,8
5907,6
5908,10
5909,8
5910,5
5911,5
5912,5
5913,5
5914,6
5915,7
5916,7
5917,6
5918,8
5919,6
5920,6
5921,7
5922,7
5923,6
5924,8
5925,10
5926,8
5927,5
5928,6
5929,7
5930,5
5931,6
5932,6
5933,5
5934,8
5935,6
5936,7
5937,7
5938,6
5939,9
5940,9
5941,5
5942,5
5943,6
5944,6
5945,6
5946,6
5947,5
5948,6
5949,6
5950,5
5951,5
5952,6
5953,5
5954,5
5955,7
5956,5
5957,5
5958,11
5959,9
5960,6
5961,5
5962,5
5963,4
5964,5
5965,6
5966,7
5967,5
5968,7
5969,7
5970,6
5971,6
5972,5
5973,6
5974,8
5975,8
5976,7
5977,8
5978,7
5979,10
5980,5
5981,7
5982,5
5983,6
5984,6
5985,6
5986,7
5987,5
5988,5
5989,7
5990,10
5991,9
5992,7
5993,5
5994,6
5995,5
5996,5
5997,5
5998,9
5999,6
6000,8
6001,7
6002,10
6003,7
6004,5
6005,5
6006,6
6007,5
6008,5
6009,5
6010,8
6011,6
6012,7
6013,6
6014,7
6015,7
6016,6
6017,6
6018,11
6019,7
6020,5
6021,5
6022,7
6023,4
6024,6
6025,7
6026,8
6027,6
6028,6
6029,6
6030,6
6031,6
6032,6
6033,9
6034,5
6035,7
6036,6
6037,8
6038,8
6039,11
6040,8
6041,8
6042,5
6043,7
6044,7
6045,6
6046,5
6047,6
6048,5
6049,7
6050,8
6051,8
6052,8
6053,9
6054,5
6055,6
6056,6
6057,5
6058,5
6059,5
6060,5
6061,6
6062,5
6063,5
6064,6
6065,6
6066,6
6067,10
6068,7
6069,9
6070,6
6071,9
6072,6
6073,6
6074,6
6075,7
6076,7
6077,8
6078,6
6079,6
6080,5
6081,9
6082,5
6083,6
6084,5
6085,5
6086,7
6087,7
6088,6
6089,6
6090,6
6091,6
6092,5
6093,5
6094,6
6095,5
6096,7
6097,6
6098,6
6099,5
6100,7
6101,4
6102,7
6103,5
6104,8
6105,10
6106,8
6107,5
6108,7
6109,7
6110,11
6111,7
6112,5
6113,6
6114,7
6115,7
6116,7
6117,6
6118,6
6119,5
6120,6
6121,6
6122,6
6123,6
6124,5
6125,7
6126,4
6127,9
6128,8
6129,5
6130,8
6131,6
6132,7
6133,7
6134,6
6135,7
6136,7
6137,6
6138,5
6139,7
6140,5
6141,6
6142,5
6143,6
6144,6
6145,8
6146,6
6147,5
6148,7
6149,5
6150,6
6151,7
6152,5
6153,7
6154,5
6155,6
6156,7
6157,7
6158,6
6159,7
6160,6
6161,5
6162,5
6163,7
6164,5
6165,8
6166,5
6167,6
6168,6
6169,6
6170,8
6171,6
6172,7
6173,6
6174,5
6175,5
6176,10
6177,7
6178,7
6179,6
6180,9
6181,7
6182,9
6183,9
6184,6
6185,6
6186,7
6187,5
6188,8
6189,5
6190,7
6191,8
6192,7
6193,6
6194,7
6195,5
6196,8
6197,4
6198,8
6199,5
6200,7
6201,6
6202,9
6203,6
6204,5
6205,5
6206,7
6207,7
6208,7
6209,8
6210,5
6211,5
6212,5
6213,8
6214,7
6215,5
6216,7
6217,9
6218,5
6219,6
6220,6
6221,5
6222,5
6223,6
6224,7
6225,5
6226,5
6227,6
6228,5
6229,5
6230,8
6231,8
6232,7
6233,8
6234,7
6235,6
6236,5
6237,9
6238,5
6239,5
6240,6
6241,7
6242,6
6243,8
6244,5
6245,7
6246,6
6247,4
6248,5
6249,9
6250,5
6251,5
6252,8
6253,5
6254,5
6255,5
6256,7
6257,5
6258,6
6259,5
6260,7
6261,5
6262,6
6263,7
6264,6
6265,8
6266,7
6267,5
6268,6
6269,6
6270,7
6271,7
6272,5
6273,5
6274,7
6275,6
6276,8
6277,5
6278,5
6279,6
6280,5
6281,6
6282,5
6283,5
6284,7
6285,5
6286,5
6287,8
6288,5
6289,6
6290,7
6291,4
6292,5
6293,8
6294,10
6295,6
6296,5
6297,5
6298,5
6299,6
6300,8
6301,7
6302,6
6303,6
6304,7
6305,7
6306,7
6307,6
6308,8
6309,6
6310,6
6311,5
6312,5
6313,5
6314,6
6315,6
6316,6
6317,5
6318,6
6319,7
6320,6
6321,5
6322,6
6323,6
6324,8
6325,8
6326,6
6327,9
6328,7
6329,5
6330,9
6331,6
6332,6
6333,6
6334,6
6335,5
6336,6
6337,7
6338,7
6339,5
6340,5
6341,5
6342,5
6343,6
6344,6
6345,7
6346,7
6347,7
6348,8
6349,6
6350,6
6351,5
6352,7
6353,5
6354,7
6355,7
6356,7
6357,5
6358,6
6359,6
6360,6
6361,5
6362,6
6363,6
6364,8
6365,6
6366,6
6367,5
6368,9
6369,7
6370,10
6371,5
6372,7
6373,5
6374,8
6375,7
6376,6
6377,7
6378,8
6379,6
6380,6
6381,7
6382,5
6383,5
6384,7
6385,5
6386,4
6387,6
6388,5
6389,8
6390,6
6391,7
6392,5
6393,6
6394,5
6395,6
6396,5
6397,4
6398,7
6399,5
6400,6
6401,8
6402,6
6403,5
6404,6
6405,5
6406,7
6407,5
6408,5
6409,6
6410,5
6411,5
6412,5
6413,5
6414,6
6415,8
6416,5
6417,9
6418,7
6419,6
6420,5
6421,6
6422,7
6423,5
6424,6
6425,6
6426,6
6427,8
6428,5
6429,5
6430,8
6431,5
6432,6
6433,6
6434,6
6435,5
6436,6
6437,6
6438,4
6439,5
6440,9
6441,6
6442,6
6443,8
6444,5
6445,7
6446,6
6447,6
6448,5
6449,6
6450,7
6451,5
6452,5
6453,11
6454,5
6455,6
6456,5
6457,6
6458,5
6459,9
6460,5
6461,5
6462,6
6463,7
6464,9
6465,6
6466,5
6467,6
6468,7
6469,5
6470,5
6471,5
6472,6
6473,6
6474,5
6475,6
6476,6
6477,10
6478,5
6479,7
6480,8
6481,5
6482,5
6483,6
6484,6
6485,6
6486,5
6487,6
6488,6
6489,5
6490,5
6491,5
6492,5
6493,6
6494,6
6495,8
6496,7
6497,5
6498,7
6499,5
6500,6
6501,12
6502,6
6503,5
6504,10
6505,8
6506,6
6507,6
6508,5
6509,5
6510,7
6511,7
6512,5
6513,7
6514,8
6515,6
6516,5
6517,6
6518,5
6519,6
6520,5
6521,5
6522,7
6523,7
6524,5
6525,5
6526,6
6527,6
6528,6
6529,7
6530,5
6531,5
6532,6
6533,7
6534,5
6535,6
6536,6
6537,6
6538,9
6539,6
6540,7
6541,6
6542,6
6543,6
6544,7
6545,6
6546,6
6547,5
6548,5
6549,8
6550,6
6551,5
6552,5
6553,6
6554,6
6555,6
6556,5
6557,5
6558,6
6559,5
6560,9
6561,5
6562,7
6563,6
6564,6
6565,7
6566,6
6567,5
6568,6
6569,5
6570,5
6571,7
6572,5
6573,5
6574,6
6575,5
6576,5
6577,8
6578,6
6579,5
6580,6
6581,5
6582,5
6583,6
6584,5
6585,8
6586,6
6587,6
6588,6
6589,5
6590,5
6591,5
6592,6
6593,5
6594,5
6595,5
6596,8
6597,6
6598,7
6599,4
6600,5
6601,5
6602,5
6603,6
6604,7
6605,5
6606,5
6607,8
6608,6
6609,6
6610,6
6611,6
6612,4
6613,5
6614,5
6615,6
6616,7
6617,5
6618,8
6619,6
6620,5
6621,5
6622,6
6623,7
6624,6
6625,6
6626,5
6627,6
6628,6
6629,7
6630,6
6631,6
6632,6
6633,8
6634,7
6635,6
6636,7
6637,6
6638,4
6639,7
6640,5
6641,5
6642,6
6643,6
6644,5
6645,8
6646,7
6647,5
6648,6
6649,6
6650,6
6651,7
6652,6
6653,5
6654,6
6655,9
6656,6
6657,5
6658,7
6659,6
6660,6
6661,6
6662,8
6663,9
6664,5
6665,6
6666,6
6667,5
6668,6
6669,7
6670,5
6671,5
6672,8
6673,5
6674,7
6675,6
6676,5
6677,7
6678,8
6679,6
6680,5
6681,6
6682,5
6683,5
6684,6
6685,5
6686,5
6687,5
6688,6
6689,6
6690,6
6691,7
6692,8
6693,6
6694,7
6695,5
6696,6
6697,5
6698,5
6699,6
6700,5
6701,5
6702,5
6703,5
6704,5
6705,5
6706,5
6707,6
6708,5
6709,5
6710,5
6711,7
6712,9
6713,6
6714,5
6715,6
6716,6
6717,6
6718,6
6719,6
6720,6
6721,5
6722,5
6723,6
6724,5
6725,7
6726,5
6727,4
6728,5
6729,5
6730,6
6731,6
6732,5
6733,5
6734,5
6735,7
6736,6
6737,7
6738,6
6739,5
6740,5
6741,6
6742,7
6743,5
6744,7
6745,7
6746,7
6747,7
6748,6
6749,6
6750,5
6751,5
6752,8
6753,5
6754,6
6755,7
6756,8
6757,6
6758,6
6759,5
6760,5
6761,7
6762,6
6763,5
6764,5
6765,6
6766,7
6767,5
6768,7
6769,5
6770,6
6771,8
6772,5
6773,5
6774,5
6775,6
6776,5
6777,6
6778,6
6779,6
6780,5
6781,6
6782,5
6783,8
6784,5
6785,6
6786,5
6787,6
6788,8
6789,5
6790,6
6791,8
6792,6
6793,6
6794,7
6795,6
6796,7
6797,5
6798,5
6799,5
6800,5
6801,7
6802,5
6803,8
6804,5
6805,5
6806,5
6807,6
6808,5
6809,6
6810,5
6811,5
6812,7
6813,8
6814,6
6815,5
6816,7
6817,5
6818,6
6819,6
6820,5
6821,7
6822,5
6823,4
6824,8
6825,9
6826,9
6827,7
6828,6
6829,6
6830,6
6831,5
6832,6
6833,5
6834,8
6835,7
6836,6
6837,7
6838,5
6839,7
6840,5
6841,7
6842,5
6843,7
6844,8
6845,6
6846,5
6847,6
6848,7
6849,7
6850,7
6851,6
6852,7
6853,6
6854,5
6855,6
6856,6
6857,5
6858,7
6859,5
6860,7
6861,6
6862,7
6863,5
6864,5
6865,6
6866,5
6867,6
6868,5
6869,7
6870,6
6871,8
6872,7
6873,6
6874,5
6875,7
6876,6
6877,5
6878,6
6879,6
6880,5
6881,6
6882,8
6883,5
6884,5
6885,7
6886,5
6887,5
6888,5
6889,7
6890,5
6891,6
6892,5
6893,6
6894,6
6895,5
6896,5
6897,7
6898,4
6899,5
6900,6
6901,7
6902,8
6903,9
6904,7
6905,7
6906,6
6907,8
6908,7
6909,5
6910,6
6911,6
6912,6
6913,5
6914,6
6915,5
6916,6
6917,5
6918,5
6919,9
6920,5
6921,7
6922,5
6923,6
6924,5
6925,8
6926,9
6927,6
6928,6
6929,5
6930,5
6931,6
6932,6
6933,5
6934,7
6935,6
6936,5
6937,6
6938,7
6939,5
6940,5
6941,4
6942,6
6943,6
6944,4
6945,5
6946,5
6947,7
6948,5
6949,6
6950,5
6951,8
6952,5
6953,6
6954,5
6955,5
6956,5
6957,6
6958,5
6959,5
6960,7
6961,5
6962,6
6963,5
6964,5
6965,6
6966,5
6967,6
6968,6
6969,7
6970,5
6971,9
6972,5
6973,8
6974,9
6975,5
6976,5
6977,6
6978,6
6979,5
6980,6
6981,6
6982,5
6983,5
6984,5
6985,7
6986,6
6987,6
6988,5
6989,6
6990,6
6991,6
6992,7
6993,6
6994,5
6995,6
6996,5
6997,6
6998,6
6999,5
7000,5
7001,5
7002,6
7003,5
7004,5
7005,5
7006,6
7007,5
7008,5
7009,6
7010,6
7011,5
7012,5
7013,5
7014,7
7015,6
7016,5
7017,6
7018,6
7019,6
7020,6
7021,5
7022,5
7023,5
7024,5
7025,7
7026,5
7027,7
7028,6
7029,5
7030,5
7031,6
7032,5
7033,5
7034,5
7035,5
7036,5
7037,5
7038,5
7039,5
7040,5
7041,5
7042,4
7043,6
7044,6
7045,6
7046,5
7047,5
7048,6
7049,5
7050,8
7051,7
7052,7
7053,7
7054,10
7055,7
7056,6
7057,6
7058,7
7059,5
7060,5
7061,5
7062,5
7063,5
7064,5
7065,7
7066,6
7067,5
7068,5
7069,5
7070,5
7071,5
7072,5
7073,7
7074,6
7075,5
7076,5
7077,5
7078,10
7079,5
7080,6
7081,7
7082,5
7083,5
7084,8
7085,5
7086,7
7087,6
7088,7
7089,6
7090,5
7091,6
7092,5
7093,6
7094,5
7095,6
7096,6
7097,9
7098,6
7099,5
7100,5
7101,5
7102,5
7103,5
7104,5
7105,5
7106,6
7107,5
7108,5
7109,7
7110,5
7111,5
7112,6
7113,7
7114,7
7115,8
7116,9
7117,5
7118,5
7119,7
7120,5
7121,6
7122,6
7123,5
7124,6
7125,6
7126,5
7127,7
7128,5
7129,8
7130,6
7131,7
7132,5
7133,6
7134,6
7135,6
7136,6
7137,6
7138,5
7139,8
7140,5
7141,5
7142,5
7143,7
7144,5
7145,6
7146,5
7147,5
7148,5
7149,5
7150,6
7151,6
7152,6
7153,5
7154,7
7155,5
7156,6
7157,5
7158,5
7159,7
7160,8
7161,5
7162,6
7163,8
7164,7
7165,6
7166,6
7167,7
7168,5
7169,6
7170,6
7171,5
7172,5
7173,5
7174,6
7175,7
7176,9
7177,5
7178,5
7179,5
7180,5
7181,9
7182,5
7183,6
7184,7
7185,7
7186,5
7187,7
7188,5
7189,6
7190,5
7191,5
7192,5
7193,6
7194,5
7195,5
7196,5
7197,7
7198,4
7199,5
7200,5
7201,5
7202,5
7203,6
7204,7
7205,5
7206,5
7207,6
7208,6
7209,5
7210,6
7211,7
7212,7
7213,5
7214,5
7215,5
7216,5
7217,6
7218,6
7219,7
7220,8
7221,5
7222,8
7223,8
7224,5
7225,6
7226,5
7227,6
7228,7
7229,5
7230,6
7231,5
7232,5
7233,5
7234,5
7235,7
7236,6
7237,5
7238,5
7239,5
7240,7
7241,6
7242,5
7243,7
7244,6
7245,7
7246,7
7247,5
7248,6
7249,5
7250,6
7251,6
7252,7
7253,5
7254,5
7255,5
7256,6
7257,7
7258,5
7259,6
7260,6
7261,5
7262,5
7263,5
7264,5
7265,6
7266,7
7267,6
7268,5
7269,7
7270,7
7271,5
7272,5
7273,7
7274,7
7275,4
7276,5
7277,6
7278,7
7279,4
7280,8
7281,6
7282,5
7283,5
7284,5
7285,6
7286,5
7287,6
7288,5
7289,9
7290,5
7291,6
7292,6
7293,9
7294,7
7295,6
7296,7
7297,6
7298,5
7299,5
7300,6
7301,6
7302,5
7303,5
7304,7
7305,5
7306,5
7307,6
7308,5
7309,6
7310,5
7311,7
7312,5
7313,5
7314,6
7315,5
7316,8
7317,7
7318,5
7319,5
7320,5
7321,6
7322,7
7323,10
7324,8
7325,5
7326,5
7327,6
7328,5
7329,5
7330,5
7331,6
7332,5
7333,5
7334,7
7335,6
7336,6
7337,5
7338,4
7339,6
7340,5
7341,6
7342,6
7343,7
7344,6
7345,6
7346,5
7347,5
7348,7
7349,5
7350,6
7351,6
7352,6
7353,6
7354,5
7355,6
7356,5
7357,5
7358,5
7359,4
7360,7
7361,5
7362,5
7363,6
7364,6
7365,5
7366,5
7367,5
7368,5
7369,5
7370,6
7371,6
7372,6
7373,5
7374,5
7375,5
7376,5
7377,5
7378,6
7379,5
7380,6
7381,5
7382,5
7383,6
7384,5
7385,7
7386,6
7387,5
7388,5
7389,9
7390,5
7391,6
7392,4
7393,6
7394,5
7395,7
7396,5
7397,5
7398,6
7399,7
7400,6
7401,5
7402,5
7403,5
7404,5
7405,7
7406,5
7407,5
7408,6
7409,5
7410,6
7411,5
7412,6
7413,6
7414,5
7415,6
7416,6
7417,5
7418,5
7419,6
7420,8
7421,5
7422,6
7423,6
7424,5
7425,7
7426,5
7427,6
7428,8
7429,6
7430,5
7431,8
7432,7
7433,7
7434,5
7435,5
7436,5
7437,5
7438,8
7439,5
7440,5
7441,5
7442,5
7443,5
7444,7
7445,5
7446,7
7447,5
7448,8
7449,5
7450,5
7451,6
7452,5
7453,6
7454,6
7455,5
7456,5
7457,6
7458,8
7459,6
7460,5
7461,6
7462,7
7463,5
7464,5
7465,6
7466,5
7467,6
7468,7
7469,6
7470,6
7471,5
7472,5
7473,4
7474,8
7475,7
7476,6
7477,6
7478,5
7479,8
7480,5
7481,6
7482,5
7483,8
7484,6
7485,8
7486,5
7487,5
7488,7
7489,4
7490,7
7491,5
7492,5
7493,5
7494,5
7495,5
7496,5
7497,6
7498,8
7499,6
7500,5
7501,5
7502,5
7503,6
7504,5
7505,5
7506,7
7507,7
7508,5
7509,5
7510,8
7511,6
7512,8
7513,9
7514,5
7515,6
7516,6
7517,6
7518,5
7519,10
7520,5
7521,5
7522,6
7523,5
7524,6
7525,5
7526,6
7527,5
7528,6
7529,6
7530,5
7531,6
7532,5
7533,5
7534,6
7535,6
7536,5
7537,9
7538,5
7539,5
7540,5
7541,5
7542,5
7543,5
7544,6
7545,5
7546,7
7547,5
7548,5
7549,7
7550,5
7551,8
7552,7
7553,6
7554,5
7555,7
7556,5
7557,7
7558,6
7559,9
7560,5
7561,6
7562,4
7563,6
7564,5
7565,8
7566,7
7567,6
7568,6
7569,6
7570,5
7571,5
7572,5
7573,5
7574,6
7575,5
7576,5
7577,5
7578,6
7579,8
7580,5
7581,5
7582,5
7583,5
7584,5
7585,6
7586,6
7587,6
7588,5
7589,6
7590,5
7591,5
7592,8
7593,5
7594,6
7595,8
7596,6
7597,5
7598,5
7599,6
7600,5
7601,6
7602,6
7603,4
7604,5
7605,6
7606,5
7607,6
7608,5
7609,5
7610,5
7611,7
7612,6
7613,5
7614,6
7615,5
7616,5
7617,5
7618,5
7619,5
7620,6
7621,6
7622,6
7623,6
7624,5
7625,7
7626,7
7627,5
7628,5
7629,5
7630,6
7631,6
7632,5
7633,7
7634,5
7635,5
7636,5
7637,5
7638,7
7639,5
7640,6
7641,6
7642,6
7643,6
7644,5
7645,6
7646,6
7647,5
7648,6
7649,6
7650,5
7651,6
7652,7
7653,8
7654,7
7655,6
7656,6
7657,8
7658,7
7659,5
7660,5
7661,5
7662,5
7663,6
7664,7
7665,5
7666,5
7667,5
7668,6
7669,6
7670,7
7671,5
7672,6
7673,5
7674,6
7675,6
7676,5
7677,5
7678,5
7679,6
7680,5
7681,5
7682,5
7683,5
7684,5
7685,6
7686,5
7687,6
7688,9
7689,5
7690,6
7691,5
7692,6
7693,6
7694,6
7695,6
7696,5
7697,7
7698,5
7699,5
7700,6
7701,6
7702,5
7703,5
7704,6
7705,7
7706,5
7707,8
7708,6
7709,5
7710,5
7711,7
7712,5
7713,8
7714,5
7715,5
7716,6
7717,5
7718,5
7719,6
7720,7
7721,5
7722,5
7723,6
7724,6
7725,7
7726,8
7727,5
7728,8
7729,6
7730,5
7731,5
7732,7
7733,6
7734,6
7735,5
7736,6
7737,5
7738,5
7739,5
7740,5
7741,6
7742,5
7743,6
7744,6
7745,7
7746,7
7747,6
7748,5
7749,6
7750,5
7751,6
7752,5
7753,7
7754,5
7755,5
7756,5
7757,6
7758,5
7759,5
7760,6
7761,6
7762,6
7763,5
7764,6
7765,6
7766,6
7767,5
7768,5
7769,8
7770,5
7771,5
7772,6
7773,7
7774,6
7775,6
7776,8
7777,5
7778,4
7779,5
7780,6
7781,7
7782,5
7783,5
7784,7
7785,5
7786,5
7787,5
7788,5
7789,5
7790,5
7791,5
7792,5
7793,7
7794,5
7795,5
7796,6
7797,6
7798,5
7799,5
7800,6
7801,5
7802,5
7803,5
7804,7
7805,5
7806,6
7807,9
7808,5
7809,6
7810,5
7811,5
7812,6
7813,6
7814,6
7815,6
7816,6
7817,6
7818,5
7819,7
7820,5
7821,6
7822,5
7823,6
7824,6
7825,5
7826,5
7827,5
7828,4
7829,5
7830,5
7831,6
7832,5
7833,6
7834,5
7835,7
7836,5
7837,8
7838,7
7839,5
7840,7
7841,6
7842,5
7843,5
7844,6
7845,6
7846,6
7847,6
7848,7
7849,6
7850,6
7851,5
7852,5
7853,5
7854,8
7855,5
7856,7
7857,5
7858,5
7859,5
7860,6
7861,5
7862,6
7863,5
7864,7
7865,5
7866,6
7867,5
7868,5
7869,5
7870,6
7871,8
7872,8
7873,7
7874,6
7875,6
7876,6
7877,8
7878,5
7879,6
7880,5
7881,5
7882,5
7883,5
7884,7
7885,5
7886,5
7887,5
7888,8
7889,5
7890,5
7891,5
7892,6
7893,5
7894,5
7895,6
7896,5
7897,5
7898,5
7899,3
7900,5
7901,5
7902,5
7903,5
7904,5
7905,6
7906,6
7907,5
7908,5
7909,5
7910,5
7911,5
7912,5
7913,6
7914,6
7915,6
7916,6
7917,6
7918,5
7919,5
7920,5
7921,7
7922,7
7923,7
7924,7
7925,5
7926,5
7927,6
7928,5
7929,5
7930,5
7931,5
7932,6
7933,6
7934,5
7935,4
7936,5
7937,5
7938,6
7939,6
7940,5
7941,5
7942,7
7943,5
7944,5
7945,5
7946,5
7947,5
7948,5
7949,6
7950,6
7951,5
7952,5
7953,5
7954,5
7955,7
7956,6
7957,5
7958,5
7959,5
7960,7
7961,5
7962,5
7963,7
7964,6
7965,5
7966,6
7967,5
7968,5
7969,6
7970,7
7971,5
7972,10
7973,5
7974,7
7975,5
7976,6
7977,7
7978,5
7979,6
7980,6
7981,7
7982,4
7983,8
7984,6
7985,6
7986,5
7987,5
7988,6
7989,5
7990,7
7991,5
7992,5
7993,6
7994,5
7995,5
7996,7
7997,5
7998,4
7999,5
8000,5
8001,6
8002,6
8003,5
8004,7
8005,5
8006,5
8007,6
8008,7
8009,5
8010,7
8011,6
8012,7
8013,6
8014,5
8015,5
8016,6
8017,6
8018,5
8019,5
8020,6
8021,5
8022,5
8023,8
8024,5
8025,5
8026,5
8027,6
8028,5
8029,6
8030,5
8031,5
8032,6
8033,5
8034,5
8035,7
8036,5
8037,5
8038,6
8039,8
8040,6
8041,5
8042,5
8043,5
8044,5
8045,7
8046,5
8047,5
8048,5
8049,6
8050,5
8051,9
8052,6
8053,5
8054,9
8055,6
8056,7
8057,5
8058,4
8059,5
8060,5
8061,7
8062,5
8063,6
8064,5
8065,6
8066,6
8067,5
8068,7
8069,7
8070,4
8071,7
8072,7
8073,5
8074,5
8075,5
8076,5
8077,5
8078,6
8079,5
8080,6
8081,8
8082,5
8083,5
8084,5
8085,6
8086,5
8087,6
8088,6
8089,5
8090,6
8091,5
8092,5
8093,5
8094,6
8095,5
8096,6
8097,5
8098,7
8099,5
8100,5
8101,8
8102,6
8103,6
8104,6
8105,5
8106,5
8107,5
8108,5
8109,6
8110,6
8111,5
8112,5
8113,6
8114,5
8115,5
8116,6
8117,5
8118,5
8119,5
8120,6
8121,5
8122,5
8123,6
8124,5
8125,5
8126,6
8127,5
8128,7
8129,5
8130,5
8131,5
8132,5
8133,5
8134,6
8135,6
8136,8
8137,5
8138,5
8139,5
8140,5
8141,5
8142,5
8143,6
8144,6
8145,5
8146,6
8147,5
8148,5
8149,6
8150,6
8151,5
8152,5
8153,5
8154,7
8155,6
8156,6
8157,8
8158,6
8159,6
8160,6
8161,5
8162,5
8163,5
8164,5
8165,5
8166,5
8167,5
8168,5
8169,8
8170,7
8171,5
8172,7
8173,5
8174,5
8175,6
8176,5
8177,5
8178,5
8179,5
8180,5
8181,6
8182,5
8183,5
8184,6
8185,5
8186,5
8187,7
8188,5
8189,6
8190,5
8191,5
8192,5
8193,8
8194,5
8195,6
8196,6
8197,5
8198,8
8199,5
8200,5
8201,5
8202,5
8203,5
8204,6
8205,5
8206,5
8207,5
8208,5
8209,5
8210,5
8211,6
8212,5
8213,6
8214,5
8215,5
8216,5
8217,4
8218,7
8219,6
8220,5
8221,5
8222,6
8223,5
8224,6
8225,5
8226,5
8227,4
8228,5
8229,5
8230,5
8231,5
8232,6
8233,6
8234,5
8235,6
8236,6
8237,6
8238,6
8239,5
8240,5
8241,5
8242,5
8243,5
8244,5
8245,7
8246,6
8247,5
8248,5
8249,7
8250,5
8251,5
8252,5
8253,5
8254,5
8255,6
8256,6
8257,5
8258,7
8259,5
8260,5
8261,5
8262,6
8263,7
8264,6
8265,5
8266,5
8267,6
8268,6
8269,6
8270,5
8271,5
8272,6
8273,5
8274,5
8275,5
8276,6
8277,5
8278,5
8279,5
8280,5
8281,6
8282,5
8283,5
8284,5
8285,5
8286,5
8287,7
8288,6
8289,5
8290,5
8291,4
8292,6
8293,5
8294,5
8295,5
8296,5
8297,6
8298,5
8299,6
8300,5
8301,6
8302,9
8303,5
8304,5
8305,5
8306,6
8307,5
8308,5
8309,6
8310,6
8311,5
8312,5
8313,5
8314,4
8315,5
8316,5
8317,5
8318,5
8319,5
8320,5
8321,5
8322,6
8323,5
8324,5
8325,5
8326,5
8327,5
8328,5
8329,6
8330,6
8331,5
8332,7
8333,6
8334,5
8335,5
8336,5
8337,6
8338,5
8339,6
8340,6
8341,5
8342,5
8343,5
8344,7
8345,5
8346,5
8347,6
8348,6
8349,6
8350,6
8351,5
8352,6
8353,4
8354,5
8355,5
8356,5
8357,5
8358,5
8359,5
8360,5
8361,5
8362,6
8363,5
8364,5
8365,6
8366,6
8367,5
8368,4
8369,5
8370,5
8371,5
8372,5
8373,5
8374,5
8375,6
8376,5
8377,6
8378,5
8379,5
8380,5
8381,5
8382,5
8383,6
8384,5
8385,5
8386,6
8387,5
8388,5
8389,5
8390,5
8391,5
8392,6
8393,5
8394,9
8395,5
8396,6
8397,7
8398,5
8399,5
8400,5
8401,6
8402,5
8403,5
8404,5
8405,5
8406,8
8407,5
8408,5
8409,6
8410,5
8411,5
8412,5
8413,5
8414,6
8415,5
8416,5
8417,6
8418,5
8419,5
8420,5
8421,5
8422,5
8423,6
8424,6
8425,5
8426,5
8427,6
8428,5
8429,6
8430,5
8431,5
8432,5
8433,5
8434,5
8435,6
8436,5
8437,6
8438,5
8439,6
8440,6
8441,6
8442,5
8443,5
8444,6
8445,5
8446,7
8447,5
8448,5
8449,7
8450,7
8451,5
8452,6
8453,6
8454,5
8455,5
8456,5
8457,7
8458,6
8459,7
8460,8
8461,6
8462,6
8463,5
8464,6
8465,5
8466,5
8467,5
8468,6
8469,5
8470,5
8471,5
8472,6
8473,5
8474,6
8475,5
8476,5
8477,6
8478,5
8479,6
8480,5
8481,4
8482,5
8483,7
8484,5
8485,5
8486,5
8487,6
8488,6
8489,5
8490,6
8491,5
8492,6
8493,5
8494,5
8495,5
8496,5
8497,5
8498,4
8499,5
8500,7
8501,5
8502,5
8503,5
8504,5
8505,6
8506,7
8507,5
8508,5
8509,5
8510,5
8511,5
8512,5
8513,5
8514,5
8515,6
8516,5
8517,6
8518,6
8519,4
8520,6
8521,5
8522,5
8523,5
8524,6
8525,7
8526,6
8527,6
8528,6
8529,6
8530,5
8531,6
8532,4
8533,5
8534,6
8535,5
8536,6
8537,5
8538,6
8539,6
8540,5
8541,5
8542,5
8543,5
8544,5
8545,5
8546,6
8547,5
8548,5
8549,5
8550,6
8551,5
8552,7
8553,5
8554,5
8555,5
8556,5
8557,6
8558,5
8559,6
8560,6
8561,5
8562,5
8563,5
8564,5
8565,6
8566,6
8567,5
8568,5
8569,5
8570,5
8571,5
8572,5
8573,6
8574,5
8575,5
8576,6
8577,6
8578,5
8579,5
8580,5
8581,6
8582,5
8583,5
8584,5
8585,6
8586,5
8587,5
8588,5
8589,5
8590,6
8591,5
8592,6
8593,6
8594,6
8595,6
8596,5
8597,5
8598,5
8599,6
8600,6
8601,7
8602,5
8603,5
8604,5
8605,5
8606,6
8607,5
8608,6
8609,6
8610,5
8611,4
8612,5
8613,5
8614,5
8615,6
8616,5
8617,6
8618,5
8619,5
8620,6
8621,5
8622,5
8623,5
8624,5
8625,5
8626,5
8627,6
8628,4
8629,5
8630,5
8631,5
8632,5
8633,5
8634,6
8635,6
8636,5
8637,5
8638,5
8639,6
8640,4
8641,5
8642,5
8643,5
8644,5
8645,5
8646,5
8647,6
8648,5
8649,6
8650,5
8651,5
8652,5
8653,5
8654,5
8655,6
8656,5
8657,5
8658,5
8659,6
8660,5
8661,5
8662,5
8663,5
8664,5
8665,5
8666,5
8667,5
8668,6
8669,5
8670,5
8671,5
8672,5
8673,6
8674,5
8675,4
8676,5
8677,4
8678,5
8679,7
8680,5
8681,5
8682,5
8683,5
8684,5
8685,7
8686,5
8687,5
8688,5
8689,5
8690,5
8691,5
8692,5
8693,5
8694,5
8695,5
8696,4
8697,6
8698,5
8699,5
8700,5
8701,7
8702,6
8703,5
8704,5
8705,6
8706,5
8707,5
8708,6
8709,5
8710,6
8711,5
8712,6
8713,5
8714,6
8715,6
8716,5
8717,5
8718,7
8719,6
8720,5
8721,5
8722,6
8723,5
8724,6
8725,5
8726,6
8727,5
8728,5
8729,5
8730,6
8731,6
8732,6
8733,5
8734,6
8735,6
8736,5
8737,5
8738,5
8739,5
8740,6
8741,5
8742,5
8743,5
8744,5
8745,6
8746,5
8747,6
8748,5
8749,5
8750,5
8751,5
8752,5
8753,4
8754,6
8755,5
8756,5
8757,5
8758,5
8759,7
8760,5
8761,6
8762,5
8763,6
8764,5
8765,5
8766,5
8767,5
8768,5
8769,5
8770,5
8771,5
8772,5
8773,6
8774,5
8775,5
8776,5
8777,5
8778,5
8779,5
8780,6
8781,5
8782,6
8783,5
8784,6
8785,5
8786,6
8787,5
8788,5
8789,5
8790,5
8791,6
8792,6
8793,5
8794,5
8795,5
8796,5
8797,6
8798,5
8799,6
8800,5
8801,5
8802,5
8803,7
8804,5
8805,5
8806,5
8807,5
8808,6
8809,7
8810,5
8811,4
8812,6
8813,5
8814,5
8815,4
8816,5
8817,6
8818,5
8819,5
8820,5
8821,5
8822,5
8823,6
8824,5
8825,5
8826,5
8827,6
8828,5
8829,5
8830,7
8831,5
8832,5
8833,5
8834,5
8835,5
8836,7
8837,5
8838,6
8839,5
8840,5
8841,5
8842,6
8843,5
8844,7
8845,5
8846,5
8847,5
8848,5
8849,5
8850,4
8851,7
8852,5
8853,6
8854,6
8855,5
8856,5
8857,5
8858,5
8859,5
8860,5
8861,5
8862,5
8863,5
8864,6
8865,5
8866,6
8867,5
8868,5
8869,4
8870,6
8871,6
8872,5
8873,5
8874,6
8875,5
8876,5
8877,5
8878,6
8879,6
8880,5
8881,6
8882,5
8883,7
8884,6
8885,5
8886,5
8887,5
8888,5
8889,5
8890,4
8891,6
8892,5
8893,5
8894,5
8895,5
8896,5
8897,5
8898,5
8899,6
8900,5
8901,5
8902,5
8903,5
8904,5
8905,4
8906,5
8907,5
8908,5
8909,5
8910,5
8911,5
8912,5
8913,4
8914,6
8915,6
8916,5
8917,6
8918,5
8919,5
8920,5
8921,7
8922,5
8923,5
8924,5
8925,5
8926,5
8927,5
8928,6
8929,5
8930,6
8931,5
8932,6
8933,5
8934,5
8935,6
8936,5
8937,5
8938,5
8939,5
8940,5
8941,5
8942,6
8943,5
8944,6
8945,6
8946,5
8947,5
8948,5
8949,5
8950,5
8951,5
8952,5
8953,7
8954,5
8955,5
8956,5
8957,5
8958,5
8959,5
8960,6
8961,5
8962,5
8963,5
8964,5
8965,5
8966,4
8967,5
8968,5
8969,5
8970,5
8971,5
8972,5
8973,5
8974,6
8975,5
8976,5
8977,5
8978,5
8979,6
8980,5
8981,5
8982,7
8983,6
8984,5
8985,5
8986,5
8987,5
8988,6
8989,5
8990,5
8991,5
8992,5
8993,5
8994,6
8995,5
8996,5
8997,5
8998,5
8999,6
9000,5
9001,5
9002,6
9003,6
9004,5
9005,6
9006,6
9007,6
9008,5
9009,6
9010,4
9011,6
9012,5
9013,6
9014,4
9015,5
9016,5
9017,5
9018,5
9019,5
9020,5
9021,6
9022,5
9023,5
9024,5
9025,5
9026,5
9027,7
9028,5
9029,5
9030,5
9031,5
9032,6
9033,5
9034,5
9035,5
9036,5
9037,5
9038,5
9039,5
9040,5
9041,5
9042,5
9043,5
9044,5
9045,5
9046,5
9047,5
9048,5
9049,5
9050,5
9051,5
9052,6
9053,5
9054,5
9055,5
9056,5
9057,6
9058,4
9059,5
9060,5
9061,6
9062,5
9063,5
9064,5
9065,5
9066,5
9067,5
9068,6
9069,5
9070,5
9071,5
9072,4
9073,5
9074,6
9075,5
9076,5
9077,4
9078,5
9079,5
9080,5
9081,6
9082,6
9083,5
9084,5
9085,7
9086,6
9087,3
9088,5
9089,6
9090,5
9091,5
9092,4
9093,5
9094,5
9095,4
9096,5
9097,5
9098,5
9099,5
9100,5
9101,5
9102,5
9103,6
9104,5
9105,5
9106,5
9107,6
9108,5
9109,4
9110,5
9111,7
9112,5
9113,5
9114,5
9115,5
9116,5
9117,5
9118,6
9119,5
9120,6
9121,5
9122,5
9123,6
9124,5
9125,6
9126,5
9127,6
9128,5
9129,5
9130,5
9131,5
9132,5
9133,6
9134,5
9135,5
9136,5
9137,6
9138,6
9139,5
9140,5
9141,5
9142,5
9143,5
9144,5
9145,5
9146,5
9147,5
9148,5
9149,5
9150,5
9151,5
9152,5
9153,5
9154,8
9155,5
9156,5
9157,4
9158,5
9159,5
9160,5
9161,5
9162,5
9163,6
9164,5
9165,5
9166,5
9167,5
9168,5
9169,5
9170,6
9171,5
9172,5
9173,5
9174,6
9175,5
9176,5
9177,5
9178,5
9179,5
9180,6
9181,5
9182,5
9183,5
9184,5
9185,5
9186,5
9187,5
9188,5
9189,5
9190,5
9191,5
9192,5
9193,6
9194,5
9195,5
9196,6
9197,5
9198,5
9199,5
9200,5
9201,5
9202,5
9203,5
9204,7
9205,5
9206,5
9207,5
9208,5
9209,5
9210,5
9211,5
9212,5
9213,8
9214,6
9215,5
9216,5
9217,5
9218,5
9219,5
9220,5
9221,5
9222,5
9223,5
9224,6
9225,5
9226,5
9227,5
9228,5
9229,5
9230,5
9231,5
9232,5
9233,5
9234,5
9235,5
9236,6
9237,5
9238,5
9239,5
9240,5
9241,5
9242,5
9243,5
9244,5
9245,4
9246,5
9247,6
9248,5
9249,5
9250,5
9251,6
9252,5
9253,6
9254,5
9255,6
9256,5
9257,5
9258,5
9259,5
9260,6
9261,5
9262,5
9263,5
9264,5
9265,5
9266,4
9267,6
9268,5
9269,5
9270,6
9271,6
9272,5
9273,5
9274,5
9275,5
9276,5
9277,6
9278,7
9279,5
9280,5
9281,7
9282,5
9283,5
9284,5
9285,5
9286,5
9287,5
9288,5
9289,5
9290,5
9291,6
9292,5
9293,5
9294,5
9295,5
9296,5
9297,5
9298,5
9299,5
9300,5
9301,5
9302,5
9303,5
9304,5
9305,6
9306,5
9307,5
9308,5
9309,5
9310,5
9311,5
9312,5
9313,5
9314,5
9315,5
9316,5
9317,5
9318,5
9319,6
9320,5
9321,5
9322,6
9323,5
9324,5
9325,5
9326,5
9327,5
9328,5
9329,5
9330,5
9331,5
9332,5
9333,5
9334,6
9335,5
9336,6
9337,5
9338,5
9339,6
9340,5
9341,5
9342,4
9343,4
9344,6
9345,6
9346,5
9347,6
9348,5
9349,5
9350,5
9351,5
9352,5
9353,5
9354,6
9355,6
9356,5
9357,5
9358,5
9359,6
9360,5
9361,5
9362,6
9363,5
9364,6
9365,5
9366,5
9367,5
9368,5
9369,5
9370,5
9371,5
9372,5
9373,5
9374,5
9375,5
9376,5
9377,5
9378,5
9379,5
9380,4
9381,5
9382,5
9383,5
9384,5
9385,5
9386,5
9387,5
9388,5
9389,6
9390,5
9391,6
9392,5
9393,5
9394,5
9395,5
9396,6
9397,5
9398,6
9399,6
9400,5
9401,6
9402,5
9403,5
9404,5
9405,6
9406,6
9407,5
9408,5
9409,5
9410,5
9411,5
9412,5
9413,6
9414,5
9415,5
9416,5
9417,5
9418,5
9419,6
9420,8
9421,5
9422,5
9423,5
9424,5
9425,5
9426,5
9427,5
9428,5
9429,5
9430,5
9431,5
9432,5
9433,6
9434,5
9435,5
9436,5
9437,5
9438,5
9439,5
9440,5
9441,5
9442,5
9443,6
9444,5
9445,5
9446,5
9447,5
9448,6
9449,5
9450,5
9451,6
9452,5
9453,5
9454,5
9455,5
9456,5
9457,6
9458,6
9459,5
9460,5
9461,6
9462,5
9463,7
9464,5
9465,5
9466,5
9467,5
9468,6
9469,5
9470,5
9471,5
9472,5
9473,5
9474,5
9475,4
9476,5
9477,7
9478,5
9479,5
9480,4
9481,5
9482,5
9483,6
9484,5
9485,5
9486,5
9487,5
9488,5
9489,5
9490,5
9491,5
9492,5
9493,5
9494,5
9495,5
9496,5
9497,5
9498,6
9499,5
9500,5
9501,5
9502,5
9503,5
9504,5
9505,5
9506,5
9507,5
9508,6
9509,6
9510,5
9511,5
9512,6
9513,5
9514,5
9515,6
9516,5
9517,5
9518,5
9519,5
9520,5
9521,5
9522,5
9523,5
9524,5
9525,5
9526,5
9527,5
9528,4
9529,5
9530,5
9531,5
9532,5
9533,5
9534,6
9535,5
9536,6
9537,5
9538,5
9539,5
9540,5
9541,5
9542,5
9543,5
9544,5
9545,6
9546,5
9547,5
9548,6
9549,5
9550,5
9551,5
9552,5
9553,5
9554,5
9555,4
9556,5
9557,5
9558,5
9559,5
9560,5
9561,6
9562,4
9563,5
9564,5
9565,5
9566,5
9567,5
9568,5
9569,5
9570,5
9571,5
9572,6
9573,5
9574,5
9575,6
9576,5
9577,5
9578,5
9579,5
9580,6
9581,5
9582,5
9583,5
9584,5
9585,6
9586,5
9587,5
9588,5
9589,5
9590,5
9591,6
9592,5
9593,5
9594,5
9595,5
9596,5
9597,5
9598,5
9599,5
9600,5
9601,5
9602,5
9603,5
9604,5
9605,5
9606,5
9607,5
9608,5
9609,5
9610,5
9611,5
9612,5
9613,5
9614,5
9615,5
9616,5
9617,5
9618,5
9619,5
9620,4
9621,6
9622,5
9623,5
9624,5
9625,5
9626,5
9627,5
9628,5
9629,5
9630,5
9631,5
9632,5
9633,5
9634,5
9635,5
9636,5
9637,5
9638,5
9639,5
9640,5
9641,5
9642,5
9643,6
9644,5
9645,5
9646,5
9647,6
9648,6
9649,5
9650,6
9651,5
9652,5
9653,5
9654,5
9655,5
9656,5
9657,5
9658,6
9659,5
9660,6
9661,5
9662,5
9663,5
9664,5
9665,5
9666,5
9667,5
9668,5
9669,5
9670,5
9671,5
9672,5
9673,5
9674,5
9675,4
9676,5
9677,5
9678,5
9679,5
9680,5
9681,5
9682,5
9683,5
9684,5
9685,5
9686,5
9687,5
9688,5
9689,5
9690,5
9691,5
9692,5
9693,5
9694,6
9695,4
9696,5
9697,5
9698,5
9699,5
9700,6
9701,5
9702,5
9703,5
9704,5
9705,5
9706,5
9707,6
9708,6
9709,5
9710,4
9711,5
9712,5
9713,5
9714,5
9715,5
9716,5
9717,5
9718,5
9719,6
9720,5
9721,5
9722,5
9723,5
9724,5
9725,5
9726,5
9727,5
9728,5
9729,5
9730,5
9731,5
9732,6
9733,5
9734,5
9735,5
9736,5
9737,5
9738,5
9739,5
9740,5
9741,5
9742,4
9743,5
9744,4
9745,5
9746,5
9747,5
9748,4
9749,5
9750,5
9751,5
9752,5
9753,5
9754,5
9755,4
9756,7
9757,5
9758,5
9759,5
9760,5
9761,5
9762,5
9763,5
9764,5
9765,5
9766,5
9767,5
9768,5
9769,5
9770,5
9771,5
9772,5
9773,5
9774,5
9775,5
9776,5
9777,5
9778,5
9779,5
9780,5
9781,5
9782,5
9783,5
9784,5
9785,5
9786,5
9787,5
9788,5
9789,5
9790,5
9791,5
9792,5
9793,5
9794,5
9795,5
9796,5
9797,5
9798,5
9799,5
9800,5
9801,5
9802,5
9803,5
9804,5
9805,5
9806,6
9807,5
9808,5
9809,5
9810,5
9811,5
9812,5
9813,5
9814,5
9815,5
9816,5
9817,5
9818,5
9819,5
9820,5
9821,5
9822,5
9823,5
9824,5
9825,5
9826,5
9827,5
9828,5
9829,5
9830,5
9831,5
9832,5
9833,5
9834,5
9835,5
9836,5
9837,5
9838,5
9839,5
9840,5
9841,5
9842,5
9843,5
9844,5
9845,5
9846,5
9847,6
9848,5
9849,5
9850,4
9851,5
9852,5
9853,5
9854,5
9855,5
9856,5
9857,5
9858,5
9859,5
9860,5
9861,4
9862,5
9863,5
9864,5
9865,5
9866,5
9867,5
9868,7
9869,5
9870,5
9871,5
9872,6
9873,5
9874,5
9875,5
9876,5
9877,5
9878,5
9879,5
9880,5
9881,5
9882,5
9883,5
9884,5
9885,5
9886,5
9887,5
9888,5
9889,5
9890,5
9891,5
9892,5
9893,5
9894,5
9895,5
9896,5
9897,5
9898,5
9899,5
9900,5
9901,5
9902,5
9903,5
9904,5
9905,5
9906,5
9907,5
9908,5
9909,5
9910,5
9911,5
9912,5
9913,5
9914,5
9915,5
9916,5
9917,5
9918,5
9919,5
9920,5
9921,5
9922,5
9923,5
9924,5
9925,5
9926,5
9927,5
9928,5
9929,5
9930,5
9931,5
9932,5
9933,5
9934,5
9935,5
9936,5
9937,5
9938,5
9939,5
9940,5
9941,5
9942,5
9943,5
9944,5
9945,4
9946,5
9947,5
9948,5
9949,5
9950,5
9951,5
9952,5
9953,5
9954,5
9955,5
9956,5
9957,5
9958,5
9959,5
9960,5
9961,5
9962,5
9963,5
9964,5
9965,5
9966,5
9967,5
9968,5
9969,5
9970,5
9971,5
9972,5
9973,5
9974,5
9975,5
9976,5
9977,5
9978,5
9979,5
9980,5
9981,5
9982,5
9983,5
9984,5
9985,5
9986,5
9987,5
9988,5
9989,5
9990,5
9991,5
9992,5
9993,5
9994,5
9995,5
9996,5
9997,5
9998,5
9999,5
10000,0
