num, degree
1,12
2,15
3,12
4,11
5,7
6,21
7,9
8,20
9,16
10,14
11,10
12,11
13,19
14,12
15,10
16,13
17,9
18,19
19,16
20,14
21,15
22,16
23,15
24,11
25,23
26,15
27,12
28,9
29,11
30,16
31,14
32,17
33,11
34,9
35,14
36,18
37,11
38,14
39,14
40,13
41,13
42,13
43,9
44,8
45,9
46,12
47,11
48,12
49,6
50,15
51,15
52,14
53,9
54,14
55,14
56,18
57,19
58,18
59,12
60,11
61,18
62,7
63,9
64,20
65,14
66,16
67,15
68,13
69,14
70,16
71,12
72,16
73,15
74,12
75,22
76,14
77,13
78,17
79,19
80,9
81,15
82,15
83,24
84,19
85,21
86,13
87,11
88,20
89,12
90,11
91,9
92,14
93,16
94,8
95,13
96,7
97,18
98,11
99,16
100,13
101,16
102,14
103,16
104,4
105,13
106,10
107,14
108,10
109,14
110,12
111,11
112,11
113,14
114,10
115,17
116,15
117,11
118,21
119,17
120,14
121,12
122,13
123,11
124,17
125,15
126,14
127,12
128,17
129,14
130,14
131,7
132,17
133,11
134,12
135,12
136,23
137,11
138,11
139,15
140,12
141,10
142,14
143,22
144,9
145,11
146,13
147,16
148,18
149,8
150,18
151,12
152,17
153,11
154,9
155,12
156,9
157,15
158,16
159,16
160,13
161,16
162,15
163,18
164,13
165,10
166,10
167,17
168,12
169,9
170,12
171,19
172,15
173,15
174,17
175,11
176,14
177,24
178,18
179,11
180,11
181,16
182,14
183,17
184,16
185,17
186,19
187,12
188,8
189,11
190,16
191,19
192,16
193,16
194,11
195,9
196,16
197,18
198,7
199,10
200,12
201,12
202,14
203,15
204,14
205,7
206,12
207,11
208,7
209,6
210,20
211,17
212,13
213,25
214,14
215,12
216,12
217,23
218,15
219,16
220,13
221,14
222,13
223,17
224,11
225,6
226,12
227,15
228,11
229,12
230,18
231,13
232,15
233,12
234,14
235,11
236,13
237,13
238,9
239,16
240,11
241,6
242,14
243,11
244,13
245,8
246,19
247,20
248,14
249,15
250,11
251,3
252,14
253,10
254,9
255,15
256,21
257,16
258,17
259,8
260,8
261,6
262,11
263,14
264,13
265,14
266,12
267,12
268,18
269,21
270,20
271,18
272,13
273,18
274,22
275,11
276,15
277,12
278,11
279,16
280,14
281,16
282,19
283,17
284,16
285,17
286,11
287,18
288,14
289,12
290,7
291,11
292,10
293,17
294,21
295,14
296,15
297,20
298,6
299,8
300,14
301,13
302,14
303,15
304,13
305,16
306,13
307,11
308,19
309,19
310,13
311,15
312,17
313,12
314,15
315,15
316,12
317,12
318,23
319,14
320,13
321,17
322,15
323,28
324,18
325,12
326,16
327,12
328,10
329,12
330,12
331,11
332,20
333,11
334,21
335,22
336,11
337,17
338,15
339,16
340,16
341,11
342,7
343,13
344,11
345,19
346,19
347,9
348,16
349,11
350,14
351,10
352,8
353,18
354,20
355,15
356,16
357,15
358,15
359,9
360,12
361,11
362,12
363,13
364,17
365,16
366,20
367,12
368,19
369,10
370,12
371,13
372,11
373,12
374,14
375,14
376,10
377,9
378,24
379,15
380,15
381,9
382,6
383,19
384,14
385,17
386,12
387,14
388,13
389,10
390,17
391,12
392,16
393,15
394,14
395,10
396,14
397,24
398,12
399,15
400,17
401,6
402,17
403,13
404,14
405,10
406,12
407,11
408,17
409,10
410,15
411,11
412,11
413,18
414,16
415,11
416,21
417,11
418,17
419,11
420,17
421,14
422,9
423,12
424,10
425,14
426,9
427,10
428,12
429,13
430,10
431,20
432,15
433,14
434,15
435,13
436,10
437,14
438,13
439,17
440,9
441,9
442,13
443,10
444,16
445,10
446,14
447,12
448,13
449,19
450,10
451,15
452,11
453,18
454,21
455,14
456,10
457,7
458,9
459,13
460,14
461,9
462,17
463,19
464,15
465,6
466,15
467,13
468,15
469,13
470,16
471,18
472,11
473,16
474,7
475,14
476,5
477,12
478,12
479,15
480,18
481,14
482,13
483,16
484,18
485,12
486,14
487,11
488,10
489,18
490,15
491,12
492,13
493,16
494,12
495,13
496,18
497,14
498,16
499,12
500,13
501,17
502,14
503,10
504,16
505,10
506,24
507,9
508,17
509,12
510,13
511,16
512,13
513,17
514,21
515,14
516,11
517,13
518,20
519,21
520,13
521,14
522,8
523,22
524,19
525,11
526,12
527,17
528,14
529,18
530,17
531,13
532,14
533,19
534,13
535,10
536,13
537,11
538,12
539,14
540,8
541,14
542,11
543,18
544,13
545,8
546,15
547,12
548,10
549,14
550,18
551,14
552,14
553,11
554,9
555,18
556,16
557,16
558,10
559,11
560,12
561,14
562,17
563,21
564,13
565,14
566,17
567,8
568,16
569,12
570,18
571,16
572,16
573,15
574,20
575,12
576,13
577,18
578,18
579,10
580,19
581,18
582,12
583,11
584,14
585,17
586,15
587,12
588,16
589,10
590,17
591,10
592,13
593,7
594,17
595,13
596,19
597,21
598,8
599,9
600,9
601,12
602,11
603,17
604,17
605,17
606,11
607,15
608,14
609,8
610,13
611,17
612,8
613,15
614,18
615,13
616,13
617,11
618,15
619,13
620,10
621,10
622,14
623,13
624,8
625,13
626,21
627,12
628,9
629,11
630,14
631,15
632,8
633,19
634,14
635,14
636,11
637,9
638,12
639,16
640,20
641,17
642,16
643,14
644,11
645,14
646,12
647,11
648,10
649,13
650,14
651,14
652,10
653,6
654,13
655,17
656,16
657,11
658,16
659,11
660,17
661,11
662,16
663,12
664,13
665,16
666,13
667,23
668,13
669,10
670,15
671,9
672,11
673,18
674,16
675,21
676,15
677,8
678,17
679,8
680,13
681,16
682,12
683,18
684,10
685,15
686,16
687,9
688,11
689,20
690,18
691,13
692,14
693,18
694,19
695,9
696,11
697,18
698,15
699,12
700,17
701,9
702,15
703,11
704,16
705,9
706,15
707,12
708,12
709,23
710,16
711,16
712,13
713,11
714,11
715,16
716,13
717,19
718,8
719,15
720,13
721,9
722,15
723,13
724,16
725,22
726,8
727,12
728,22
729,14
730,16
731,14
732,15
733,17
734,9
735,12
736,10
737,15
738,17
739,10
740,16
741,17
742,14
743,13
744,13
745,19
746,14
747,21
748,10
749,14
750,11
751,14
752,7
753,8
754,13
755,15
756,17
757,15
758,25
759,23
760,18
761,19
762,21
763,9
764,19
765,14
766,13
767,12
768,22
769,12
770,18
771,10
772,8
773,8
774,13
775,10
776,12
777,13
778,10
779,13
780,15
781,12
782,10
783,12
784,12
785,23
786,10
787,15
788,12
789,15
790,11
791,17
792,14
793,8
794,6
795,10
796,10
797,17
798,9
799,11
800,12
801,13
802,15
803,25
804,18
805,8
806,12
807,11
808,20
809,17
810,19
811,13
812,14
813,15
814,13
815,10
816,12
817,16
818,19
819,12
820,21
821,13
822,11
823,12
824,14
825,16
826,3
827,13
828,14
829,16
830,13
831,18
832,15
833,12
834,11
835,13
836,16
837,18
838,20
839,9
840,6
841,13
842,18
843,13
844,14
845,14
846,15
847,19
848,14
849,13
850,14
851,15
852,14
853,17
854,19
855,17
856,24
857,15
858,13
859,14
860,8
861,13
862,19
863,10
864,14
865,15
866,8
867,12
868,20
869,14
870,13
871,8
872,11
873,15
874,13
875,13
876,10
877,10
878,17
879,7
880,14
881,15
882,11
883,12
884,6
885,12
886,16
887,11
888,19
889,15
890,13
891,18
892,14
893,16
894,6
895,17
896,13
897,15
898,16
899,15
900,14
901,14
902,21
903,12
904,20
905,11
906,12
907,10
908,14
909,13
910,7
911,9
912,12
913,16
914,16
915,13
916,10
917,15
918,13
919,15
920,10
921,21
922,23
923,11
924,12
925,11
926,9
927,19
928,13
929,14
930,16
931,13
932,12
933,18
934,12
935,15
936,11
937,16
938,9
939,15
940,17
941,10
942,11
943,15
944,17
945,13
946,11
947,6
948,13
949,13
950,14
951,15
952,16
953,14
954,9
955,14
956,14
957,15
958,11
959,8
960,17
961,16
962,17
963,14
964,16
965,13
966,10
967,18
968,14
969,15
970,25
971,16
972,12
973,13
974,12
975,18
976,15
977,14
978,17
979,16
980,13
981,14
982,18
983,17
984,12
985,13
986,9
987,21
988,13
989,19
990,11
991,12
992,12
993,13
994,10
995,13
996,19
997,15
998,22
999,14
1000,13
