num, degree
1,16
2,27
3,19
4,15
5,15
6,25
7,17
8,23
9,25
10,17
11,14
12,17
13,24
14,16
15,17
16,26
17,18
18,13
19,12
20,16
21,19
22,23
23,14
24,18
25,19
26,17
27,24
28,17
29,17
30,23
31,20
32,13
33,19
34,20
35,15
36,22
37,12
38,10
39,17
40,15
41,24
42,19
43,22
44,10
45,19
46,20
47,22
48,19
49,21
50,14
51,14
52,13
53,13
54,15
55,24
56,22
57,19
58,22
59,19
60,16
61,15
62,17
63,18
64,18
65,19
66,22
67,21
68,21
69,25
70,12
71,20
72,11
73,16
74,10
75,16
76,15
77,14
78,19
79,21
80,17
81,18
82,21
83,16
84,22
85,19
86,26
87,17
88,20
89,22
90,18
91,15
92,16
93,8
94,25
95,17
96,19
97,19
98,22
99,21
100,18
101,17
102,22
103,23
104,21
105,14
106,22
107,23
108,14
109,16
110,20
111,19
112,21
113,17
114,15
115,23
116,18
117,20
118,16
119,21
120,23
121,25
122,17
123,15
124,18
125,26
126,18
127,20
128,15
129,22
130,20
131,30
132,17
133,14
134,18
135,21
136,24
137,15
138,19
139,21
140,16
141,14
142,23
143,25
144,19
145,23
146,18
147,12
148,17
149,14
150,20
151,27
152,14
153,18
154,13
155,16
156,18
157,21
158,21
159,18
160,16
161,11
162,23
163,17
164,20
165,19
166,16
167,23
168,16
169,11
170,24
171,18
172,21
173,16
174,21
175,13
176,13
177,21
178,16
179,17
180,18
181,21
182,17
183,19
184,24
185,10
186,12
187,20
188,14
189,12
190,17
191,12
192,10
193,22
194,23
195,12
196,18
197,17
198,18
199,9
200,17
201,20
202,21
203,20
204,18
205,14
206,17
207,20
208,20
209,15
210,23
211,20
212,15
213,18
214,16
215,19
216,23
217,15
218,14
219,13
220,22
221,29
222,23
223,13
224,14
225,14
226,22
227,22
228,11
229,20
230,28
231,16
232,20
233,16
234,17
235,22
236,22
237,24
238,15
239,18
240,9
241,14
242,18
243,11
244,16
245,25
246,18
247,18
248,24
249,20
250,9
251,17
252,11
253,19
254,15
255,15
256,16
257,16
258,18
259,18
260,24
261,24
262,17
263,26
264,15
265,19
266,17
267,16
268,22
269,14
270,17
271,16
272,18
273,15
274,15
275,24
276,18
277,18
278,17
279,17
280,9
281,13
282,18
283,20
284,24
285,17
286,13
287,16
288,19
289,18
290,21
291,19
292,21
293,33
294,18
295,18
296,20
297,14
298,19
299,26
300,25
301,16
302,14
303,18
304,9
305,13
306,20
307,22
308,16
309,17
310,19
311,16
312,15
313,23
314,19
315,16
316,27
317,16
318,20
319,16
320,17
321,20
322,29
323,15
324,22
325,18
326,24
327,15
328,20
329,27
330,18
331,24
332,15
333,21
334,19
335,19
336,12
337,21
338,22
339,15
340,19
341,25
342,12
343,7
344,23
345,17
346,10
347,24
348,21
349,18
350,12
351,19
352,20
353,26
354,26
355,17
356,23
357,23
358,19
359,19
360,11
361,15
362,12
363,14
364,22
365,31
366,18
367,21
368,13
369,23
370,16
371,18
372,17
373,14
374,9
375,16
376,17
377,18
378,20
379,37
380,20
381,26
382,15
383,17
384,13
385,22
386,16
387,22
388,23
389,23
390,14
391,21
392,14
393,16
394,11
395,24
396,11
397,17
398,18
399,20
400,13
401,10
402,26
403,19
404,17
405,23
406,18
407,19
408,24
409,20
410,17
411,22
412,13
413,16
414,13
415,17
416,15
417,21
418,23
419,20
420,19
421,12
422,18
423,15
424,11
425,26
426,20
427,19
428,19
429,25
430,21
431,14
432,13
433,21
434,18
435,19
436,13
437,19
438,28
439,23
440,21
441,19
442,19
443,18
444,19
445,14
446,17
447,19
448,20
449,13
450,18
451,14
452,18
453,20
454,31
455,13
456,23
457,20
458,20
459,22
460,23
461,22
462,14
463,19
464,18
465,22
466,15
467,11
468,16
469,19
470,10
471,20
472,19
473,20
474,22
475,12
476,25
477,23
478,18
479,16
480,21
481,22
482,22
483,23
484,19
485,19
486,23
487,27
488,25
489,21
490,23
491,16
492,15
493,16
494,19
495,17
496,18
497,26
498,22
499,19
500,19
501,13
502,26
503,13
504,18
505,27
506,19
507,14
508,15
509,19
510,13
511,15
512,21
513,30
514,18
515,23
516,16
517,22
518,23
519,25
520,10
521,22
522,14
523,14
524,13
525,21
526,20
527,16
528,11
529,11
530,24
531,19
532,24
533,22
534,18
535,26
536,15
537,16
538,18
539,12
540,18
541,16
542,15
543,13
544,18
545,14
546,19
547,13
548,18
549,16
550,15
551,19
552,22
553,24
554,15
555,20
556,19
557,28
558,22
559,17
560,17
561,15
562,16
563,19
564,22
565,18
566,20
567,18
568,21
569,22
570,22
571,21
572,20
573,25
574,14
575,19
576,14
577,18
578,17
579,13
580,14
581,21
582,23
583,17
584,15
585,7
586,19
587,19
588,19
589,13
590,19
591,12
592,21
593,20
594,14
595,14
596,25
597,21
598,20
599,20
600,11
601,11
602,24
603,23
604,20
605,19
606,22
607,17
608,22
609,22
610,19
611,15
612,22
613,19
614,26
615,9
616,15
617,15
618,16
619,19
620,23
621,15
622,16
623,21
624,8
625,22
626,23
627,17
628,23
629,20
630,19
631,24
632,17
633,19
634,20
635,19
636,19
637,18
638,16
639,24
640,19
641,13
642,14
643,21
644,23
645,18
646,21
647,23
648,15
649,20
650,13
651,14
652,21
653,33
654,15
655,17
656,22
657,30
658,23
659,17
660,13
661,15
662,25
663,16
664,24
665,22
666,19
667,18
668,21
669,15
670,17
671,21
672,15
673,17
674,13
675,26
676,14
677,20
678,19
679,9
680,17
681,29
682,13
683,20
684,23
685,13
686,17
687,17
688,28
689,19
690,8
691,12
692,19
693,16
694,21
695,26
696,20
697,20
698,15
699,23
700,23
701,13
702,18
703,25
704,15
705,20
706,16
707,14
708,14
709,23
710,22
711,21
712,13
713,21
714,14
715,19
716,15
717,19
718,18
719,17
720,20
721,20
722,20
723,10
724,18
725,18
726,19
727,21
728,15
729,21
730,14
731,13
732,17
733,20
734,10
735,19
736,22
737,19
738,17
739,26
740,9
741,25
742,16
743,23
744,25
745,14
746,17
747,15
748,17
749,25
750,12
751,21
752,18
753,19
754,17
755,15
756,18
757,16
758,20
759,19
760,19
761,26
762,18
763,17
764,11
765,14
766,26
767,25
768,18
769,16
770,17
771,24
772,18
773,14
774,15
775,17
776,15
777,14
778,13
779,13
780,16
781,11
782,19
783,14
784,11
785,22
786,19
787,16
788,25
789,20
790,19
791,17
792,25
793,15
794,23
795,16
796,16
797,13
798,21
799,14
800,17
801,21
802,25
803,19
804,20
805,21
806,22
807,17
808,18
809,27
810,24
811,22
812,20
813,21
814,13
815,20
816,17
817,25
818,17
819,15
820,23
821,24
822,18
823,14
824,12
825,19
826,18
827,20
828,14
829,14
830,33
831,17
832,21
833,20
834,24
835,11
836,12
837,18
838,14
839,21
840,15
841,22
842,11
843,13
844,17
845,21
846,13
847,21
848,19
849,18
850,15
851,14
852,19
853,20
854,22
855,9
856,18
857,22
858,19
859,25
860,26
861,20
862,18
863,14
864,18
865,20
866,23
867,15
868,19
869,19
870,18
871,13
872,18
873,18
874,14
875,14
876,16
877,16
878,16
879,14
880,19
881,15
882,28
883,24
884,18
885,20
886,17
887,27
888,17
889,14
890,18
891,13
892,21
893,16
894,12
895,15
896,19
897,17
898,16
899,21
900,22
901,22
902,14
903,13
904,22
905,15
906,16
907,28
908,20
909,23
910,20
911,23
912,21
913,13
914,27
915,14
916,20
917,23
918,15
919,25
920,16
921,20
922,17
923,15
924,15
925,22
926,17
927,17
928,18
929,20
930,17
931,14
932,12
933,18
934,21
935,22
936,15
937,22
938,15
939,22
940,19
941,18
942,15
943,22
944,27
945,19
946,19
947,22
948,25
949,22
950,23
951,13
952,15
953,23
954,28
955,16
956,15
957,16
958,21
959,26
960,21
961,19
962,14
963,8
964,12
965,17
966,18
967,17
968,17
969,17
970,19
971,15
972,23
973,17
974,22
975,15
976,28
977,22
978,23
979,14
980,16
981,19
982,15
983,17
984,21
985,14
986,19
987,26
988,16
989,16
990,15
991,17
992,14
993,21
994,18
995,15
996,14
997,23
998,27
999,19
1000,22
1001,13
1002,17
1003,15
1004,17
1005,20
1006,20
1007,12
1008,17
1009,18
1010,31
1011,16
1012,23
1013,14
1014,17
1015,19
1016,17
1017,24
1018,17
1019,21
1020,21
1021,18
1022,24
1023,11
1024,17
1025,28
1026,24
1027,18
1028,21
1029,16
1030,15
1031,16
1032,23
1033,14
1034,14
1035,15
1036,15
1037,13
1038,19
1039,17
1040,18
1041,21
1042,14
1043,19
1044,15
1045,16
1046,22
1047,20
1048,25
1049,23
1050,17
1051,22
1052,18
1053,24
1054,20
1055,25
1056,24
1057,14
1058,20
1059,21
1060,16
1061,20
1062,17
1063,16
1064,25
1065,24
1066,16
1067,24
1068,15
1069,18
1070,20
1071,14
1072,20
1073,19
1074,29
1075,19
1076,25
1077,15
1078,15
1079,10
1080,20
1081,19
1082,15
1083,23
1084,12
1085,16
1086,16
1087,21
1088,11
1089,19
1090,18
1091,22
1092,14
1093,21
1094,16
1095,23
1096,15
1097,24
1098,17
1099,17
1100,13
1101,24
1102,15
1103,20
1104,18
1105,14
1106,17
1107,13
1108,18
1109,18
1110,13
1111,19
1112,20
1113,20
1114,17
1115,14
1116,17
1117,24
1118,20
1119,20
1120,18
1121,20
1122,15
1123,20
1124,11
1125,21
1126,20
1127,19
1128,17
1129,18
1130,17
1131,12
1132,28
1133,18
1134,14
1135,16
1136,23
1137,17
1138,20
1139,15
1140,28
1141,23
1142,31
1143,18
1144,12
1145,16
1146,23
1147,17
1148,20
1149,20
1150,20
1151,18
1152,13
1153,27
1154,20
1155,17
1156,19
1157,16
1158,19
1159,17
1160,8
1161,28
1162,21
1163,13
1164,21
1165,24
1166,17
1167,16
1168,13
1169,19
1170,15
1171,16
1172,17
1173,14
1174,21
1175,12
1176,13
1177,13
1178,21
1179,9
1180,22
1181,19
1182,13
1183,25
1184,12
1185,13
1186,19
1187,12
1188,14
1189,21
1190,20
1191,19
1192,25
1193,15
1194,14
1195,20
1196,21
1197,20
1198,28
1199,19
1200,21
1201,25
1202,16
1203,18
1204,17
1205,16
1206,21
1207,28
1208,20
1209,19
1210,15
1211,17
1212,17
1213,12
1214,20
1215,14
1216,20
1217,20
1218,16
1219,16
1220,16
1221,13
1222,24
1223,22
1224,19
1225,12
1226,21
1227,13
1228,20
1229,17
1230,14
1231,10
1232,14
1233,18
1234,13
1235,23
1236,23
1237,19
1238,18
1239,19
1240,14
1241,13
1242,14
1243,17
1244,19
1245,19
1246,16
1247,15
1248,13
1249,23
1250,22
1251,21
1252,17
1253,18
1254,19
1255,20
1256,13
1257,12
1258,19
1259,17
1260,16
1261,15
1262,22
1263,20
1264,11
1265,25
1266,17
1267,15
1268,20
1269,18
1270,23
1271,22
1272,19
1273,22
1274,20
1275,9
1276,24
1277,19
1278,17
1279,20
1280,23
1281,19
1282,13
1283,17
1284,13
1285,13
1286,18
1287,15
1288,22
1289,13
1290,15
1291,15
1292,17
1293,24
1294,14
1295,20
1296,14
1297,18
1298,20
1299,13
1300,19
1301,17
1302,20
1303,22
1304,14
1305,26
1306,26
1307,19
1308,7
1309,10
1310,14
1311,19
1312,23
1313,16
1314,17
1315,12
1316,18
1317,21
1318,16
1319,22
1320,21
1321,25
1322,14
1323,11
1324,16
1325,14
1326,20
1327,17
1328,17
1329,18
1330,21
1331,12
1332,29
1333,26
1334,15
1335,10
1336,21
1337,20
1338,20
1339,22
1340,15
1341,12
1342,22
1343,13
1344,24
1345,15
1346,20
1347,13
1348,15
1349,21
1350,13
1351,11
1352,19
1353,10
1354,14
1355,21
1356,21
1357,21
1358,13
1359,17
1360,19
1361,16
1362,18
1363,17
1364,25
1365,10
1366,16
1367,18
1368,16
1369,21
1370,27
1371,7
1372,18
1373,21
1374,19
1375,16
1376,11
1377,15
1378,23
1379,20
1380,15
1381,29
1382,21
1383,20
1384,17
1385,20
1386,11
1387,17
1388,20
1389,20
1390,21
1391,19
1392,12
1393,25
1394,28
1395,18
1396,14
1397,25
1398,17
1399,17
1400,15
1401,16
1402,20
1403,13
1404,16
1405,15
1406,19
1407,24
1408,17
1409,16
1410,20
1411,6
1412,16
1413,25
1414,21
1415,19
1416,21
1417,15
1418,14
1419,15
1420,23
1421,20
1422,15
1423,19
1424,23
1425,18
1426,17
1427,14
1428,20
1429,19
1430,15
1431,12
1432,14
1433,18
1434,16
1435,15
1436,23
1437,20
1438,21
1439,17
1440,14
1441,22
1442,11
1443,20
1444,15
1445,18
1446,17
1447,20
1448,23
1449,22
1450,14
1451,24
1452,13
1453,22
1454,19
1455,20
1456,19
1457,16
1458,19
1459,21
1460,12
1461,12
1462,12
1463,26
1464,19
1465,20
1466,27
1467,14
1468,22
1469,22
1470,24
1471,20
1472,13
1473,23
1474,16
1475,20
1476,19
1477,9
1478,18
1479,20
1480,21
1481,14
1482,20
1483,22
1484,13
1485,11
1486,12
1487,16
1488,19
1489,15
1490,16
1491,22
1492,20
1493,14
1494,18
1495,11
1496,17
1497,19
1498,19
1499,20
1500,17
1501,15
1502,14
1503,22
1504,23
1505,18
1506,29
1507,23
1508,19
1509,23
1510,13
1511,14
1512,17
1513,14
1514,17
1515,12
1516,15
1517,28
1518,18
1519,18
1520,20
1521,16
1522,22
1523,14
1524,20
1525,16
1526,26
1527,18
1528,21
1529,13
1530,19
1531,16
1532,12
1533,19
1534,20
1535,16
1536,30
1537,14
1538,19
1539,19
1540,17
1541,15
1542,22
1543,19
1544,13
1545,15
1546,20
1547,15
1548,17
1549,21
1550,14
1551,20
1552,21
1553,22
1554,23
1555,14
1556,15
1557,22
1558,27
1559,19
1560,9
1561,18
1562,25
1563,12
1564,19
1565,12
1566,18
1567,30
1568,18
1569,20
1570,14
1571,15
1572,16
1573,14
1574,16
1575,14
1576,20
1577,25
1578,25
1579,19
1580,22
1581,22
1582,20
1583,13
1584,21
1585,11
1586,14
1587,18
1588,19
1589,22
1590,20
1591,21
1592,18
1593,20
1594,21
1595,18
1596,11
1597,19
1598,16
1599,18
1600,16
1601,10
1602,12
1603,21
1604,20
1605,22
1606,8
1607,14
1608,20
1609,19
1610,21
1611,22
1612,15
1613,24
1614,11
1615,18
1616,12
1617,12
1618,21
1619,13
1620,18
1621,15
1622,22
1623,27
1624,12
1625,15
1626,20
1627,20
1628,18
1629,20
1630,22
1631,20
1632,15
1633,15
1634,22
1635,23
1636,14
1637,19
1638,18
1639,17
1640,18
1641,20
1642,18
1643,15
1644,15
1645,16
1646,15
1647,18
1648,15
1649,23
1650,20
1651,18
1652,28
1653,25
1654,15
1655,20
1656,16
1657,16
1658,21
1659,22
1660,22
1661,13
1662,16
1663,24
1664,18
1665,16
1666,20
1667,15
1668,20
1669,15
1670,17
1671,18
1672,15
1673,18
1674,15
1675,23
1676,10
1677,14
1678,20
1679,12
1680,18
1681,21
1682,18
1683,27
1684,19
1685,16
1686,22
1687,21
1688,9
1689,14
1690,14
1691,18
1692,14
1693,15
1694,19
1695,15
1696,11
1697,19
1698,21
1699,17
1700,23
1701,14
1702,17
1703,14
1704,11
1705,13
1706,24
1707,21
1708,21
1709,32
1710,13
1711,19
1712,18
1713,18
1714,13
1715,25
1716,27
1717,11
1718,17
1719,18
1720,20
1721,17
1722,23
1723,20
1724,19
1725,21
1726,16
1727,24
1728,17
1729,22
1730,26
1731,14
1732,23
1733,25
1734,17
1735,12
1736,22
1737,18
1738,18
1739,14
1740,19
1741,23
1742,20
1743,16
1744,21
1745,15
1746,23
1747,21
1748,23
1749,12
1750,18
1751,15
1752,15
1753,20
1754,21
1755,10
1756,19
1757,18
1758,20
1759,16
1760,24
1761,13
1762,10
1763,24
1764,16
1765,18
1766,21
1767,14
1768,13
1769,22
1770,21
1771,24
1772,15
1773,18
1774,16
1775,11
1776,16
1777,21
1778,18
1779,21
1780,24
1781,14
1782,15
1783,25
1784,20
1785,25
1786,10
1787,18
1788,20
1789,12
1790,24
1791,12
1792,23
1793,18
1794,15
1795,16
1796,24
1797,26
1798,22
1799,13
1800,26
1801,28
1802,19
1803,15
1804,21
1805,26
1806,13
1807,15
1808,15
1809,24
1810,11
1811,15
1812,22
1813,18
1814,29
1815,22
1816,26
1817,16
1818,21
1819,23
1820,22
1821,25
1822,8
1823,12
1824,23
1825,21
1826,20
1827,17
1828,7
1829,17
1830,18
1831,13
1832,22
1833,25
1834,12
1835,22
1836,18
1837,14
1838,15
1839,15
1840,13
1841,11
1842,27
1843,15
1844,16
1845,21
1846,24
1847,19
1848,17
1849,20
1850,17
1851,19
1852,9
1853,30
1854,14
1855,21
1856,13
1857,19
1858,18
1859,17
1860,16
1861,22
1862,13
1863,15
1864,18
1865,31
1866,18
1867,14
1868,24
1869,17
1870,27
1871,24
1872,19
1873,18
1874,14
1875,18
1876,26
1877,16
1878,11
1879,21
1880,18
1881,20
1882,16
1883,23
1884,21
1885,21
1886,16
1887,18
1888,16
1889,15
1890,21
1891,20
1892,20
1893,22
1894,19
1895,18
1896,26
1897,19
1898,14
1899,18
1900,25
1901,23
1902,21
1903,20
1904,15
1905,23
1906,17
1907,21
1908,18
1909,16
1910,22
1911,12
1912,21
1913,18
1914,13
1915,21
1916,14
1917,16
1918,23
1919,18
1920,25
1921,22
1922,17
1923,21
1924,12
1925,16
1926,9
1927,17
1928,12
1929,23
1930,18
1931,14
1932,20
1933,14
1934,18
1935,22
1936,26
1937,17
1938,25
1939,17
1940,28
1941,19
1942,13
1943,22
1944,14
1945,14
1946,20
1947,19
1948,22
1949,19
1950,19
1951,22
1952,22
1953,18
1954,20
1955,20
1956,21
1957,13
1958,21
1959,28
1960,19
1961,18
1962,14
1963,21
1964,23
1965,22
1966,13
1967,9
1968,16
1969,16
1970,18
1971,24
1972,21
1973,16
1974,16
1975,12
1976,19
1977,14
1978,21
1979,24
1980,20
1981,15
1982,14
1983,15
1984,21
1985,16
1986,27
1987,16
1988,15
1989,14
1990,18
1991,16
1992,21
1993,30
1994,14
1995,10
1996,19
1997,23
1998,18
1999,20
2000,16
2001,14
2002,24
2003,15
2004,26
2005,27
2006,14
2007,20
2008,18
2009,17
2010,13
2011,17
2012,18
2013,16
2014,16
2015,22
2016,19
2017,22
2018,14
2019,17
2020,19
2021,17
2022,14
2023,16
2024,20
2025,24
2026,18
2027,17
2028,21
2029,27
2030,15
2031,18
2032,17
2033,19
2034,16
2035,11
2036,20
2037,29
2038,22
2039,11
2040,18
2041,17
2042,17
2043,11
2044,18
2045,28
2046,18
2047,19
2048,16
2049,23
2050,17
2051,20
2052,19
2053,17
2054,25
2055,24
2056,20
2057,17
2058,18
2059,24
2060,22
2061,16
2062,12
2063,20
2064,18
2065,19
2066,31
2067,18
2068,20
2069,18
2070,17
2071,17
2072,16
2073,19
2074,17
2075,19
2076,19
2077,16
2078,17
2079,25
2080,14
2081,23
2082,20
2083,15
2084,12
2085,18
2086,22
2087,15
2088,25
2089,17
2090,21
2091,15
2092,15
2093,19
2094,20
2095,19
2096,22
2097,12
2098,17
2099,12
2100,19
2101,16
2102,22
2103,13
2104,24
2105,12
2106,14
2107,21
2108,13
2109,13
2110,29
2111,31
2112,28
2113,17
2114,23
2115,15
2116,17
2117,27
2118,19
2119,25
2120,26
2121,18
2122,20
2123,21
2124,23
2125,15
2126,13
2127,17
2128,21
2129,18
2130,16
2131,22
2132,21
2133,26
2134,10
2135,23
2136,22
2137,17
2138,18
2139,14
2140,18
2141,19
2142,25
2143,20
2144,17
2145,18
2146,17
2147,29
2148,19
2149,22
2150,21
2151,22
2152,22
2153,21
2154,18
2155,14
2156,25
2157,22
2158,23
2159,10
2160,19
2161,19
2162,29
2163,17
2164,22
2165,15
2166,18
2167,21
2168,22
2169,17
2170,16
2171,17
2172,15
2173,20
2174,15
2175,25
2176,14
2177,16
2178,13
2179,17
2180,26
2181,10
2182,17
2183,26
2184,16
2185,16
2186,15
2187,19
2188,13
2189,23
2190,26
2191,14
2192,22
2193,20
2194,18
2195,11
2196,15
2197,17
2198,15
2199,20
2200,18
2201,14
2202,17
2203,14
2204,12
2205,10
2206,11
2207,19
2208,19
2209,20
2210,19
2211,24
2212,16
2213,13
2214,20
2215,13
2216,20
2217,23
2218,17
2219,18
2220,20
2221,21
2222,10
2223,23
2224,16
2225,18
2226,21
2227,23
2228,27
2229,21
2230,12
2231,13
2232,18
2233,15
2234,27
2235,18
2236,18
2237,20
2238,11
2239,22
2240,18
2241,16
2242,18
2243,27
2244,21
2245,19
2246,13
2247,21
2248,19
2249,18
2250,19
2251,26
2252,23
2253,14
2254,22
2255,19
2256,15
2257,15
2258,22
2259,12
2260,17
2261,13
2262,23
2263,13
2264,23
2265,24
2266,17
2267,31
2268,18
2269,22
2270,20
2271,17
2272,17
2273,10
2274,18
2275,27
2276,17
2277,16
2278,17
2279,22
2280,19
2281,20
2282,19
2283,16
2284,14
2285,16
2286,21
2287,18
2288,23
2289,22
2290,15
2291,18
2292,17
2293,18
2294,19
2295,14
2296,15
2297,22
2298,18
2299,11
2300,9
2301,17
2302,23
2303,16
2304,20
2305,20
2306,18
2307,19
2308,11
2309,12
2310,16
2311,22
2312,22
2313,14
2314,18
2315,24
2316,13
2317,10
2318,20
2319,23
2320,18
2321,12
2322,19
2323,16
2324,15
2325,11
2326,17
2327,19
2328,22
2329,18
2330,26
2331,21
2332,15
2333,14
2334,29
2335,21
2336,16
2337,26
2338,11
2339,12
2340,20
2341,28
2342,21
2343,28
2344,12
2345,10
2346,16
2347,22
2348,25
2349,26
2350,25
2351,13
2352,19
2353,17
2354,21
2355,22
2356,28
2357,19
2358,15
2359,15
2360,12
2361,15
2362,13
2363,20
2364,23
2365,20
2366,13
2367,21
2368,22
2369,13
2370,17
2371,17
2372,20
2373,19
2374,18
2375,19
2376,21
2377,22
2378,18
2379,23
2380,20
2381,18
2382,15
2383,25
2384,21
2385,16
2386,10
2387,16
2388,20
2389,21
2390,18
2391,17
2392,19
2393,12
2394,16
2395,18
2396,22
2397,15
2398,17
2399,18
2400,19
2401,18
2402,25
2403,21
2404,18
2405,20
2406,17
2407,24
2408,24
2409,17
2410,20
2411,23
2412,12
2413,20
2414,8
2415,23
2416,19
2417,20
2418,18
2419,11
2420,19
2421,19
2422,19
2423,14
2424,13
2425,24
2426,22
2427,19
2428,19
2429,22
2430,21
2431,17
2432,15
2433,21
2434,14
2435,16
2436,17
2437,14
2438,17
2439,22
2440,24
2441,16
2442,12
2443,23
2444,20
2445,22
2446,22
2447,14
2448,15
2449,20
2450,19
2451,14
2452,25
2453,25
2454,11
2455,19
2456,20
2457,18
2458,23
2459,18
2460,14
2461,18
2462,14
2463,13
2464,28
2465,21
2466,19
2467,18
2468,17
2469,19
2470,13
2471,27
2472,22
2473,23
2474,22
2475,16
2476,18
2477,23
2478,12
2479,15
2480,19
2481,16
2482,15
2483,10
2484,24
2485,15
2486,22
2487,20
2488,19
2489,15
2490,22
2491,16
2492,17
2493,14
2494,21
2495,12
2496,26
2497,16
2498,24
2499,22
2500,12
2501,13
2502,28
2503,16
2504,26
2505,15
2506,15
2507,21
2508,15
2509,24
2510,19
2511,20
2512,17
2513,12
2514,18
2515,15
2516,19
2517,13
2518,19
2519,21
2520,25
2521,15
2522,20
2523,14
2524,23
2525,22
2526,24
2527,19
2528,10
2529,12
2530,18
2531,22
2532,15
2533,13
2534,23
2535,15
2536,18
2537,21
2538,12
2539,26
2540,18
2541,14
2542,20
2543,12
2544,25
2545,16
2546,20
2547,17
2548,16
2549,24
2550,21
2551,13
2552,17
2553,19
2554,16
2555,22
2556,23
2557,16
2558,14
2559,18
2560,20
2561,19
2562,17
2563,19
2564,20
2565,18
2566,17
2567,30
2568,13
2569,16
2570,17
2571,22
2572,15
2573,15
2574,17
2575,17
2576,18
2577,17
2578,19
2579,22
2580,13
2581,20
2582,22
2583,22
2584,21
2585,15
2586,16
2587,20
2588,17
2589,20
2590,14
2591,18
2592,16
2593,20
2594,16
2595,14
2596,22
2597,33
2598,20
2599,19
2600,18
2601,16
2602,24
2603,23
2604,17
2605,18
2606,19
2607,14
2608,21
2609,15
2610,16
2611,16
2612,16
2613,21
2614,25
2615,16
2616,18
2617,23
2618,16
2619,16
2620,19
2621,22
2622,22
2623,19
2624,20
2625,24
2626,19
2627,14
2628,18
2629,23
2630,17
2631,23
2632,24
2633,9
2634,26
2635,22
2636,18
2637,24
2638,20
2639,19
2640,12
2641,16
2642,23
2643,16
2644,14
2645,28
2646,25
2647,18
2648,13
2649,17
2650,19
2651,21
2652,20
2653,17
2654,22
2655,22
2656,22
2657,19
2658,18
2659,15
2660,20
2661,20
2662,21
2663,23
2664,13
2665,16
2666,18
2667,23
2668,22
2669,17
2670,16
2671,18
2672,18
2673,16
2674,21
2675,19
2676,27
2677,20
2678,25
2679,15
2680,18
2681,15
2682,17
2683,26
2684,16
2685,15
2686,28
2687,21
2688,23
2689,14
2690,12
2691,28
2692,23
2693,15
2694,20
2695,18
2696,26
2697,20
2698,14
2699,23
2700,22
2701,20
2702,23
2703,15
2704,13
2705,20
2706,18
2707,18
2708,18
2709,29
2710,25
2711,16
2712,19
2713,21
2714,13
2715,13
2716,19
2717,20
2718,13
2719,17
2720,18
2721,17
2722,16
2723,24
2724,22
2725,15
2726,21
2727,11
2728,19
2729,18
2730,22
2731,17
2732,17
2733,21
2734,23
2735,25
2736,18
2737,22
2738,24
2739,17
2740,16
2741,18
2742,16
2743,15
2744,22
2745,21
2746,22
2747,18
2748,21
2749,14
2750,21
2751,12
2752,22
2753,14
2754,25
2755,23
2756,18
2757,14
2758,15
2759,14
2760,13
2761,9
2762,20
2763,14
2764,24
2765,14
2766,17
2767,18
2768,17
2769,14
2770,21
2771,12
2772,31
2773,21
2774,13
2775,11
2776,13
2777,15
2778,16
2779,22
2780,16
2781,26
2782,15
2783,23
2784,13
2785,23
2786,15
2787,16
2788,22
2789,20
2790,17
2791,16
2792,15
2793,22
2794,12
2795,21
2796,13
2797,25
2798,21
2799,15
2800,13
2801,19
2802,29
2803,24
2804,21
2805,24
2806,23
2807,21
2808,19
2809,13
2810,24
2811,18
2812,14
2813,23
2814,25
2815,18
2816,14
2817,18
2818,17
2819,16
2820,10
2821,16
2822,27
2823,25
2824,20
2825,18
2826,21
2827,21
2828,11
2829,16
2830,11
2831,21
2832,20
2833,10
2834,17
2835,16
2836,16
2837,19
2838,21
2839,13
2840,27
2841,19
2842,15
2843,14
2844,13
2845,17
2846,26
2847,22
2848,20
2849,24
2850,21
2851,18
2852,12
2853,19
2854,22
2855,25
2856,19
2857,22
2858,16
2859,21
2860,10
2861,21
2862,14
2863,17
2864,19
2865,21
2866,14
2867,15
2868,15
2869,18
2870,19
2871,23
2872,18
2873,20
2874,23
2875,24
2876,13
2877,13
2878,21
2879,21
2880,15
2881,19
2882,18
2883,19
2884,21
2885,20
2886,16
2887,22
2888,13
2889,16
2890,23
2891,21
2892,20
2893,17
2894,22
2895,10
2896,17
2897,22
2898,21
2899,18
2900,12
2901,20
2902,11
2903,23
2904,16
2905,14
2906,13
2907,21
2908,13
2909,19
2910,12
2911,28
2912,19
2913,11
2914,17
2915,13
2916,13
2917,21
2918,16
2919,18
2920,23
2921,15
2922,22
2923,21
2924,17
2925,22
2926,24
2927,23
2928,20
2929,13
2930,19
2931,24
2932,20
2933,18
2934,14
2935,20
2936,17
2937,14
2938,11
2939,20
2940,17
2941,19
2942,19
2943,20
2944,22
2945,14
2946,24
2947,18
2948,21
2949,23
2950,21
2951,24
2952,17
2953,19
2954,12
2955,23
2956,18
2957,14
2958,20
2959,23
2960,14
2961,20
2962,17
2963,20
2964,19
2965,21
2966,12
2967,12
2968,20
2969,14
2970,19
2971,12
2972,24
2973,21
2974,12
2975,16
2976,19
2977,14
2978,13
2979,15
2980,20
2981,22
2982,14
2983,16
2984,25
2985,27
2986,27
2987,14
2988,20
2989,23
2990,24
2991,14
2992,20
2993,22
2994,17
2995,18
2996,18
2997,14
2998,18
2999,22
3000,26
3001,15
3002,17
3003,13
3004,16
3005,16
3006,24
3007,14
3008,26
3009,21
3010,16
3011,18
3012,17
3013,24
3014,15
3015,14
3016,14
3017,9
3018,25
3019,16
3020,15
3021,12
3022,17
3023,13
3024,18
3025,21
3026,8
3027,25
3028,18
3029,24
3030,24
3031,22
3032,15
3033,12
3034,22
3035,25
3036,17
3037,17
3038,22
3039,24
3040,17
3041,16
3042,21
3043,18
3044,21
3045,17
3046,19
3047,22
3048,13
3049,15
3050,13
3051,19
3052,16
3053,10
3054,21
3055,10
3056,17
3057,16
3058,17
3059,17
3060,14
3061,9
3062,20
3063,11
3064,21
3065,19
3066,17
3067,20
3068,20
3069,25
3070,20
3071,17
3072,21
3073,19
3074,15
3075,15
3076,17
3077,16
3078,13
3079,17
3080,15
3081,24
3082,18
3083,15
3084,15
3085,24
3086,16
3087,21
3088,22
3089,18
3090,21
3091,16
3092,19
3093,17
3094,21
3095,12
3096,18
3097,16
3098,30
3099,19
3100,22
3101,21
3102,21
3103,20
3104,20
3105,17
3106,24
3107,15
3108,21
3109,17
3110,12
3111,18
3112,12
3113,19
3114,12
3115,18
3116,15
3117,27
3118,25
3119,10
3120,19
3121,16
3122,21
3123,16
3124,14
3125,15
3126,26
3127,16
3128,25
3129,23
3130,17
3131,23
3132,17
3133,17
3134,17
3135,15
3136,16
3137,19
3138,22
3139,9
3140,14
3141,19
3142,21
3143,14
3144,22
3145,24
3146,22
3147,18
3148,18
3149,22
3150,17
3151,27
3152,18
3153,28
3154,24
3155,19
3156,15
3157,21
3158,19
3159,20
3160,18
3161,18
3162,17
3163,11
3164,20
3165,19
3166,14
3167,15
3168,16
3169,20
3170,18
3171,21
3172,20
3173,26
3174,21
3175,19
3176,15
3177,21
3178,20
3179,22
3180,20
3181,20
3182,16
3183,24
3184,15
3185,22
3186,21
3187,21
3188,17
3189,11
3190,12
3191,23
3192,21
3193,28
3194,18
3195,18
3196,18
3197,19
3198,23
3199,20
3200,23
3201,9
3202,23
3203,19
3204,20
3205,17
3206,19
3207,14
3208,19
3209,16
3210,19
3211,26
3212,20
3213,23
3214,18
3215,17
3216,20
3217,20
3218,21
3219,22
3220,22
3221,16
3222,17
3223,11
3224,15
3225,13
3226,21
3227,18
3228,10
3229,29
3230,16
3231,12
3232,14
3233,20
3234,15
3235,24
3236,22
3237,21
3238,19
3239,19
3240,25
3241,22
3242,19
3243,17
3244,22
3245,13
3246,14
3247,21
3248,15
3249,14
3250,18
3251,21
3252,11
3253,20
3254,15
3255,18
3256,19
3257,10
3258,24
3259,17
3260,17
3261,17
3262,13
3263,19
3264,16
3265,9
3266,17
3267,18
3268,11
3269,21
3270,18
3271,12
3272,21
3273,10
3274,13
3275,19
3276,24
3277,12
3278,27
3279,17
3280,24
3281,11
3282,27
3283,17
3284,19
3285,12
3286,17
3287,24
3288,13
3289,14
3290,19
3291,22
3292,24
3293,28
3294,20
3295,18
3296,14
3297,19
3298,14
3299,19
3300,16
3301,25
3302,15
3303,15
3304,21
3305,20
3306,20
3307,13
3308,22
3309,21
3310,18
3311,22
3312,16
3313,18
3314,27
3315,24
3316,20
3317,14
3318,18
3319,18
3320,18
3321,20
3322,21
3323,21
3324,24
3325,23
3326,23
3327,22
3328,22
3329,20
3330,20
3331,22
3332,26
3333,20
3334,11
3335,20
3336,21
3337,19
3338,17
3339,17
3340,23
3341,17
3342,12
3343,20
3344,22
3345,22
3346,19
3347,18
3348,14
3349,18
3350,17
3351,19
3352,24
3353,13
3354,28
3355,24
3356,25
3357,17
3358,15
3359,18
3360,24
3361,11
3362,18
3363,15
3364,14
3365,16
3366,17
3367,19
3368,25
3369,18
3370,29
3371,23
3372,22
3373,16
3374,24
3375,24
3376,27
3377,15
3378,14
3379,26
3380,14
3381,23
3382,13
3383,20
3384,20
3385,18
3386,8
3387,11
3388,14
3389,25
3390,15
3391,18
3392,24
3393,16
3394,17
3395,17
3396,21
3397,14
3398,14
3399,27
3400,25
3401,15
3402,25
3403,19
3404,15
3405,23
3406,10
3407,18
3408,15
3409,12
3410,14
3411,25
3412,20
3413,16
3414,17
3415,15
3416,19
3417,21
3418,14
3419,21
3420,25
3421,15
3422,16
3423,14
3424,20
3425,16
3426,19
3427,19
3428,18
3429,17
3430,13
3431,24
3432,16
3433,21
3434,15
3435,9
3436,18
3437,18
3438,10
3439,18
3440,10
3441,22
3442,14
3443,16
3444,17
3445,19
3446,24
3447,21
3448,15
3449,29
3450,14
3451,17
3452,17
3453,14
3454,21
3455,28
3456,14
3457,25
3458,22
3459,25
3460,14
3461,22
3462,11
3463,17
3464,19
3465,20
3466,19
3467,28
3468,17
3469,24
3470,9
3471,23
3472,18
3473,15
3474,16
3475,17
3476,21
3477,15
3478,19
3479,17
3480,17
3481,20
3482,23
3483,17
3484,17
3485,14
3486,20
3487,14
3488,20
3489,20
3490,24
3491,19
3492,17
3493,21
3494,19
3495,16
3496,22
3497,13
3498,18
3499,22
3500,18
3501,23
3502,19
3503,14
3504,18
3505,16
3506,22
3507,20
3508,16
3509,21
3510,20
3511,21
3512,19
3513,13
3514,20
3515,21
3516,18
3517,19
3518,27
3519,12
3520,17
3521,14
3522,16
3523,28
3524,17
3525,20
3526,19
3527,25
3528,14
3529,17
3530,20
3531,28
3532,19
3533,11
3534,21
3535,24
3536,22
3537,26
3538,20
3539,14
3540,24
3541,19
3542,13
3543,15
3544,18
3545,20
3546,16
3547,18
3548,14
3549,11
3550,22
3551,22
3552,13
3553,18
3554,13
3555,17
3556,10
3557,12
3558,15
3559,21
3560,28
3561,18
3562,22
3563,19
3564,26
3565,15
3566,12
3567,23
3568,20
3569,20
3570,19
3571,14
3572,14
3573,23
3574,16
3575,18
3576,23
3577,16
3578,12
3579,21
3580,18
3581,15
3582,16
3583,24
3584,29
3585,15
3586,10
3587,20
3588,21
3589,17
3590,10
3591,22
3592,17
3593,29
3594,12
3595,9
3596,12
3597,17
3598,19
3599,22
3600,14
3601,19
3602,18
3603,17
3604,11
3605,23
3606,12
3607,26
3608,26
3609,21
3610,15
3611,18
3612,37
3613,13
3614,20
3615,17
3616,24
3617,24
3618,21
3619,22
3620,24
3621,21
3622,22
3623,17
3624,17
3625,20
3626,17
3627,20
3628,19
3629,17
3630,19
3631,6
3632,17
3633,25
3634,17
3635,15
3636,9
3637,19
3638,21
3639,20
3640,12
3641,26
3642,21
3643,15
3644,22
3645,21
3646,12
3647,25
3648,25
3649,29
3650,25
3651,21
3652,14
3653,12
3654,25
3655,22
3656,10
3657,22
3658,17
3659,19
3660,16
3661,12
3662,17
3663,23
3664,24
3665,18
3666,24
3667,25
3668,18
3669,18
3670,11
3671,16
3672,14
3673,21
3674,18
3675,14
3676,15
3677,14
3678,16
3679,16
3680,16
3681,21
3682,14
3683,18
3684,19
3685,12
3686,23
3687,19
3688,24
3689,16
3690,10
3691,15
3692,14
3693,20
3694,17
3695,13
3696,26
3697,23
3698,17
3699,25
3700,13
3701,18
3702,23
3703,14
3704,16
3705,19
3706,10
3707,16
3708,17
3709,15
3710,14
3711,24
3712,24
3713,11
3714,13
3715,18
3716,17
3717,20
3718,21
3719,16
3720,17
3721,17
3722,17
3723,16
3724,20
3725,11
3726,19
3727,16
3728,14
3729,23
3730,10
3731,18
3732,18
3733,15
3734,18
3735,16
3736,15
3737,25
3738,13
3739,13
3740,22
3741,25
3742,19
3743,18
3744,19
3745,14
3746,12
3747,15
3748,24
3749,13
3750,14
3751,18
3752,21
3753,20
3754,18
3755,27
3756,21
3757,23
3758,14
3759,17
3760,10
3761,16
3762,13
3763,22
3764,14
3765,17
3766,13
3767,16
3768,18
3769,17
3770,21
3771,16
3772,18
3773,24
3774,28
3775,21
3776,18
3777,17
3778,19
3779,10
3780,17
3781,27
3782,18
3783,13
3784,17
3785,16
3786,17
3787,19
3788,18
3789,21
3790,17
3791,17
3792,17
3793,16
3794,19
3795,19
3796,25
3797,11
3798,23
3799,19
3800,21
3801,11
3802,17
3803,16
3804,11
3805,20
3806,17
3807,14
3808,21
3809,17
3810,14
3811,17
3812,18
3813,19
3814,16
3815,19
3816,11
3817,19
3818,20
3819,22
3820,22
3821,18
3822,24
3823,19
3824,12
3825,22
3826,14
3827,22
3828,16
3829,16
3830,23
3831,18
3832,25
3833,20
3834,18
3835,7
3836,28
3837,18
3838,15
3839,21
3840,19
3841,12
3842,22
3843,17
3844,15
3845,14
3846,25
3847,13
3848,14
3849,24
3850,14
3851,23
3852,21
3853,20
3854,22
3855,20
3856,18
3857,14
3858,12
3859,15
3860,15
3861,18
3862,24
3863,21
3864,13
3865,12
3866,16
3867,16
3868,21
3869,20
3870,17
3871,19
3872,15
3873,20
3874,14
3875,20
3876,17
3877,16
3878,25
3879,23
3880,17
3881,27
3882,17
3883,18
3884,17
3885,17
3886,20
3887,16
3888,16
3889,17
3890,15
3891,20
3892,16
3893,21
3894,18
3895,17
3896,21
3897,26
3898,21
3899,17
3900,20
3901,18
3902,10
3903,18
3904,17
3905,21
3906,18
3907,20
3908,18
3909,15
3910,14
3911,19
3912,17
3913,19
3914,24
3915,13
3916,17
3917,14
3918,16
3919,21
3920,15
3921,11
3922,15
3923,18
3924,11
3925,13
3926,21
3927,18
3928,15
3929,20
3930,13
3931,17
3932,13
3933,19
3934,17
3935,13
3936,18
3937,19
3938,17
3939,13
3940,16
3941,24
3942,10
3943,18
3944,13
3945,22
3946,20
3947,17
3948,21
3949,15
3950,13
3951,14
3952,22
3953,26
3954,13
3955,29
3956,24
3957,19
3958,25
3959,31
3960,10
3961,21
3962,12
3963,16
3964,19
3965,19
3966,14
3967,23
3968,14
3969,14
3970,17
3971,25
3972,21
3973,16
3974,18
3975,14
3976,18
3977,16
3978,22
3979,19
3980,22
3981,16
3982,19
3983,17
3984,14
3985,17
3986,14
3987,23
3988,16
3989,23
3990,20
3991,23
3992,15
3993,16
3994,10
3995,12
3996,21
3997,21
3998,20
3999,17
4000,18
4001,20
4002,11
4003,17
4004,17
4005,13
4006,26
4007,20
4008,27
4009,22
4010,15
4011,25
4012,22
4013,19
4014,31
4015,20
4016,15
4017,14
4018,17
4019,22
4020,29
4021,15
4022,13
4023,24
4024,19
4025,13
4026,25
4027,23
4028,19
4029,17
4030,16
4031,27
4032,22
4033,14
4034,19
4035,14
4036,16
4037,15
4038,15
4039,20
4040,18
4041,11
4042,20
4043,9
4044,10
4045,19
4046,22
4047,24
4048,24
4049,17
4050,18
4051,16
4052,12
4053,14
4054,13
4055,11
4056,21
4057,23
4058,15
4059,23
4060,24
4061,24
4062,18
4063,23
4064,24
4065,23
4066,24
4067,27
4068,22
4069,24
4070,23
4071,24
4072,9
4073,19
4074,22
4075,15
4076,11
4077,16
4078,15
4079,23
4080,16
4081,21
4082,17
4083,24
4084,12
4085,17
4086,25
4087,13
4088,27
4089,11
4090,17
4091,30
4092,21
4093,27
4094,21
4095,20
4096,16
4097,17
4098,12
4099,27
4100,19
4101,19
4102,25
4103,13
4104,18
4105,6
4106,17
4107,20
4108,14
4109,27
4110,15
4111,23
4112,15
4113,17
4114,14
4115,23
4116,28
4117,14
4118,17
4119,17
4120,24
4121,24
4122,19
4123,19
4124,23
4125,24
4126,17
4127,19
4128,14
4129,25
4130,21
4131,20
4132,21
4133,13
4134,14
4135,18
4136,18
4137,19
4138,15
4139,20
4140,15
4141,20
4142,18
4143,20
4144,15
4145,18
4146,16
4147,17
4148,12
4149,23
4150,13
4151,13
4152,20
4153,19
4154,17
4155,16
4156,14
4157,24
4158,22
4159,18
4160,24
4161,27
4162,23
4163,17
4164,20
4165,19
4166,17
4167,17
4168,22
4169,16
4170,24
4171,16
4172,23
4173,16
4174,25
4175,16
4176,20
4177,16
4178,12
4179,20
4180,16
4181,17
4182,11
4183,19
4184,13
4185,12
4186,21
4187,14
4188,15
4189,11
4190,11
4191,18
4192,19
4193,25
4194,22
4195,16
4196,15
4197,16
4198,18
4199,21
4200,15
4201,15
4202,24
4203,24
4204,16
4205,21
4206,22
4207,12
4208,20
4209,19
4210,15
4211,22
4212,20
4213,8
4214,21
4215,22
4216,20
4217,27
4218,24
4219,19
4220,22
4221,23
4222,19
4223,14
4224,21
4225,12
4226,11
4227,16
4228,17
4229,24
4230,15
4231,22
4232,18
4233,17
4234,15
4235,19
4236,13
4237,17
4238,21
4239,22
4240,16
4241,12
4242,15
4243,12
4244,16
4245,14
4246,17
4247,15
4248,22
4249,18
4250,15
4251,17
4252,18
4253,20
4254,11
4255,13
4256,21
4257,17
4258,15
4259,17
4260,21
4261,23
4262,12
4263,22
4264,15
4265,21
4266,19
4267,21
4268,18
4269,20
4270,21
4271,16
4272,19
4273,26
4274,16
4275,18
4276,14
4277,19
4278,22
4279,20
4280,19
4281,17
4282,16
4283,15
4284,23
4285,21
4286,14
4287,15
4288,12
4289,29
4290,18
4291,21
4292,17
4293,23
4294,19
4295,18
4296,13
4297,23
4298,14
4299,13
4300,13
4301,14
4302,18
4303,10
4304,15
4305,23
4306,16
4307,10
4308,18
4309,20
4310,16
4311,31
4312,13
4313,19
4314,16
4315,17
4316,20
4317,21
4318,17
4319,11
4320,23
4321,17
4322,22
4323,20
4324,14
4325,12
4326,18
4327,15
4328,27
4329,20
4330,12
4331,19
4332,24
4333,20
4334,16
4335,20
4336,22
4337,26
4338,13
4339,18
4340,19
4341,20
4342,12
4343,13
4344,16
4345,14
4346,17
4347,17
4348,22
4349,23
4350,15
4351,14
4352,18
4353,24
4354,28
4355,14
4356,26
4357,23
4358,22
4359,22
4360,14
4361,14
4362,23
4363,20
4364,23
4365,21
4366,21
4367,21
4368,20
4369,13
4370,21
4371,17
4372,14
4373,15
4374,17
4375,17
4376,23
4377,28
4378,12
4379,16
4380,17
4381,21
4382,15
4383,17
4384,21
4385,13
4386,13
4387,21
4388,19
4389,16
4390,16
4391,22
4392,14
4393,17
4394,24
4395,27
4396,14
4397,19
4398,19
4399,20
4400,25
4401,23
4402,14
4403,16
4404,25
4405,21
4406,13
4407,15
4408,22
4409,16
4410,15
4411,19
4412,12
4413,16
4414,18
4415,10
4416,13
4417,13
4418,15
4419,22
4420,13
4421,23
4422,19
4423,19
4424,26
4425,13
4426,16
4427,25
4428,13
4429,17
4430,30
4431,17
4432,13
4433,21
4434,20
4435,19
4436,12
4437,15
4438,16
4439,20
4440,20
4441,20
4442,14
4443,19
4444,10
4445,14
4446,14
4447,19
4448,15
4449,17
4450,13
4451,11
4452,19
4453,18
4454,15
4455,13
4456,21
4457,21
4458,16
4459,19
4460,12
4461,10
4462,23
4463,19
4464,19
4465,13
4466,15
4467,15
4468,22
4469,18
4470,23
4471,16
4472,18
4473,20
4474,22
4475,19
4476,12
4477,16
4478,19
4479,26
4480,29
4481,15
4482,18
4483,14
4484,19
4485,20
4486,16
4487,23
4488,14
4489,12
4490,19
4491,21
4492,26
4493,15
4494,15
4495,19
4496,13
4497,13
4498,9
4499,10
4500,21
4501,14
4502,14
4503,12
4504,14
4505,26
4506,26
4507,21
4508,18
4509,19
4510,24
4511,20
4512,18
4513,10
4514,20
4515,24
4516,17
4517,10
4518,15
4519,22
4520,17
4521,16
4522,20
4523,13
4524,20
4525,13
4526,21
4527,18
4528,17
4529,24
4530,23
4531,20
4532,20
4533,16
4534,17
4535,24
4536,11
4537,19
4538,23
4539,21
4540,24
4541,26
4542,20
4543,17
4544,15
4545,13
4546,20
4547,18
4548,10
4549,18
4550,18
4551,15
4552,19
4553,18
4554,24
4555,26
4556,17
4557,26
4558,21
4559,16
4560,22
4561,14
4562,25
4563,12
4564,12
4565,24
4566,14
4567,23
4568,16
4569,22
4570,23
4571,23
4572,25
4573,19
4574,15
4575,13
4576,19
4577,19
4578,13
4579,14
4580,22
4581,16
4582,16
4583,19
4584,16
4585,24
4586,17
4587,21
4588,19
4589,27
4590,15
4591,24
4592,26
4593,27
4594,22
4595,21
4596,15
4597,17
4598,15
4599,15
4600,19
4601,14
4602,11
4603,19
4604,16
4605,22
4606,17
4607,21
4608,17
4609,22
4610,18
4611,29
4612,26
4613,15
4614,24
4615,22
4616,16
4617,21
4618,11
4619,18
4620,15
4621,20
4622,21
4623,17
4624,18
4625,25
4626,16
4627,20
4628,12
4629,14
4630,20
4631,17
4632,18
4633,18
4634,19
4635,17
4636,21
4637,18
4638,23
4639,11
4640,13
4641,14
4642,22
4643,18
4644,21
4645,10
4646,14
4647,23
4648,14
4649,18
4650,17
4651,20
4652,16
4653,22
4654,17
4655,19
4656,18
4657,21
4658,23
4659,24
4660,20
4661,16
4662,15
4663,14
4664,16
4665,12
4666,11
4667,27
4668,17
4669,15
4670,24
4671,17
4672,23
4673,11
4674,17
4675,24
4676,18
4677,17
4678,19
4679,7
4680,18
4681,12
4682,20
4683,24
4684,17
4685,22
4686,13
4687,15
4688,14
4689,17
4690,16
4691,19
4692,16
4693,23
4694,14
4695,28
4696,17
4697,16
4698,23
4699,19
4700,18
4701,18
4702,21
4703,16
4704,17
4705,20
4706,20
4707,18
4708,16
4709,21
4710,20
4711,19
4712,15
4713,12
4714,19
4715,24
4716,23
4717,15
4718,19
4719,19
4720,20
4721,15
4722,14
4723,23
4724,18
4725,15
4726,14
4727,25
4728,22
4729,16
4730,16
4731,18
4732,13
4733,22
4734,18
4735,17
4736,21
4737,9
4738,17
4739,15
4740,23
4741,13
4742,19
4743,23
4744,20
4745,27
4746,12
4747,9
4748,15
4749,25
4750,20
4751,18
4752,21
4753,16
4754,24
4755,15
4756,14
4757,16
4758,18
4759,13
4760,18
4761,15
4762,18
4763,13
4764,22
4765,17
4766,17
4767,19
4768,16
4769,18
4770,17
4771,16
4772,25
4773,21
4774,16
4775,23
4776,19
4777,23
4778,19
4779,18
4780,12
4781,16
4782,16
4783,20
4784,16
4785,21
4786,18
4787,9
4788,15
4789,26
4790,21
4791,15
4792,28
4793,26
4794,18
4795,22
4796,15
4797,19
4798,16
4799,20
4800,26
4801,20
4802,21
4803,16
4804,15
4805,20
4806,15
4807,26
4808,16
4809,18
4810,14
4811,21
4812,25
4813,15
4814,26
4815,17
4816,19
4817,15
4818,17
4819,23
4820,25
4821,16
4822,24
4823,26
4824,17
4825,23
4826,19
4827,20
4828,17
4829,16
4830,14
4831,25
4832,12
4833,17
4834,25
4835,13
4836,18
4837,22
4838,24
4839,20
4840,20
4841,17
4842,11
4843,16
4844,22
4845,14
4846,23
4847,22
4848,19
4849,19
4850,25
4851,33
4852,19
4853,16
4854,18
4855,19
4856,15
4857,19
4858,22
4859,21
4860,21
4861,25
4862,12
4863,15
4864,17
4865,19
4866,18
4867,24
4868,13
4869,15
4870,18
4871,11
4872,16
4873,15
4874,24
4875,15
4876,12
4877,19
4878,19
4879,17
4880,14
4881,30
4882,20
4883,14
4884,27
4885,12
4886,17
4887,20
4888,22
4889,16
4890,20
4891,15
4892,20
4893,15
4894,18
4895,18
4896,29
4897,14
4898,21
4899,21
4900,12
4901,18
4902,20
4903,13
4904,28
4905,17
4906,12
4907,20
4908,24
4909,13
4910,24
4911,24
4912,18
4913,22
4914,18
4915,14
4916,13
4917,18
4918,20
4919,20
4920,27
4921,24
4922,25
4923,19
4924,20
4925,15
4926,16
4927,21
4928,17
4929,16
4930,14
4931,21
4932,23
4933,18
4934,19
4935,18
4936,14
4937,20
4938,16
4939,19
4940,28
4941,23
4942,21
4943,15
4944,27
4945,16
4946,24
4947,43
4948,21
4949,19
4950,20
4951,17
4952,19
4953,15
4954,17
4955,19
4956,9
4957,20
4958,26
4959,24
4960,21
4961,19
4962,21
4963,16
4964,22
4965,26
4966,18
4967,21
4968,28
4969,18
4970,12
4971,14
4972,14
4973,14
4974,17
4975,14
4976,15
4977,14
4978,23
4979,24
4980,20
4981,16
4982,20
4983,8
4984,15
4985,9
4986,14
4987,13
4988,23
4989,15
4990,15
4991,22
4992,16
4993,17
4994,17
4995,23
4996,18
4997,16
4998,25
4999,21
5000,25
5001,24
5002,20
5003,18
5004,16
5005,19
5006,15
5007,17
5008,19
5009,15
5010,14
5011,21
5012,25
5013,14
5014,18
5015,19
5016,15
5017,14
5018,13
5019,20
5020,16
5021,18
5022,12
5023,17
5024,15
5025,21
5026,19
5027,17
5028,19
5029,22
5030,18
5031,12
5032,23
5033,16
5034,16
5035,23
5036,16
5037,15
5038,15
5039,24
5040,26
5041,19
5042,15
5043,18
5044,28
5045,11
5046,27
5047,25
5048,21
5049,12
5050,19
5051,21
5052,19
5053,15
5054,25
5055,16
5056,17
5057,14
5058,24
5059,20
5060,22
5061,23
5062,26
5063,31
5064,15
5065,20
5066,20
5067,15
5068,22
5069,20
5070,15
5071,20
5072,14
5073,14
5074,13
5075,14
5076,21
5077,15
5078,12
5079,20
5080,16
5081,23
5082,10
5083,16
5084,19
5085,18
5086,15
5087,17
5088,10
5089,16
5090,16
5091,12
5092,20
5093,24
5094,12
5095,17
5096,27
5097,13
5098,19
5099,12
5100,19
5101,15
5102,17
5103,16
5104,21
5105,20
5106,14
5107,12
5108,17
5109,23
5110,18
5111,21
5112,23
5113,18
5114,13
5115,16
5116,13
5117,18
5118,23
5119,16
5120,19
5121,18
5122,22
5123,20
5124,16
5125,14
5126,14
5127,20
5128,15
5129,22
5130,26
5131,23
5132,17
5133,24
5134,19
5135,23
5136,17
5137,19
5138,13
5139,9
5140,17
5141,11
5142,11
5143,17
5144,18
5145,15
5146,18
5147,24
5148,15
5149,10
5150,28
5151,15
5152,15
5153,23
5154,23
5155,15
5156,19
5157,19
5158,16
5159,15
5160,13
5161,19
5162,19
5163,28
5164,10
5165,16
5166,14
5167,16
5168,19
5169,23
5170,18
5171,28
5172,14
5173,16
5174,21
5175,17
5176,12
5177,9
5178,17
5179,20
5180,20
5181,20
5182,26
5183,16
5184,22
5185,23
5186,15
5187,16
5188,13
5189,17
5190,20
5191,23
5192,21
5193,10
5194,16
5195,17
5196,19
5197,17
5198,18
5199,16
5200,14
5201,17
5202,19
5203,18
5204,22
5205,17
5206,21
5207,13
5208,11
5209,19
5210,27
5211,14
5212,13
5213,19
5214,15
5215,16
5216,16
5217,13
5218,13
5219,19
5220,17
5221,21
5222,17
5223,15
5224,14
5225,17
5226,21
5227,18
5228,14
5229,20
5230,19
5231,24
5232,22
5233,26
5234,19
5235,16
5236,21
5237,20
5238,24
5239,30
5240,18
5241,18
5242,17
5243,20
5244,15
5245,17
5246,10
5247,21
5248,21
5249,14
5250,24
5251,32
5252,12
5253,17
5254,12
5255,19
5256,19
5257,32
5258,13
5259,19
5260,10
5261,23
5262,17
5263,12
5264,21
5265,24
5266,12
5267,18
5268,16
5269,20
5270,22
5271,26
5272,17
5273,24
5274,18
5275,22
5276,13
5277,21
5278,21
5279,15
5280,19
5281,26
5282,19
5283,17
5284,13
5285,18
5286,8
5287,16
5288,24
5289,20
5290,23
5291,16
5292,20
5293,19
5294,24
5295,21
5296,29
5297,11
5298,20
5299,17
5300,20
5301,19
5302,24
5303,16
5304,9
5305,17
5306,13
5307,18
5308,21
5309,16
5310,24
5311,22
5312,14
5313,20
5314,20
5315,17
5316,17
5317,23
5318,20
5319,15
5320,12
5321,15
5322,21
5323,17
5324,11
5325,20
5326,14
5327,20
5328,19
5329,22
5330,18
5331,20
5332,19
5333,21
5334,20
5335,19
5336,16
5337,15
5338,28
5339,24
5340,27
5341,27
5342,21
5343,19
5344,15
5345,16
5346,19
5347,17
5348,15
5349,15
5350,17
5351,16
5352,21
5353,25
5354,19
5355,18
5356,18
5357,13
5358,14
5359,13
5360,26
5361,24
5362,25
5363,21
5364,14
5365,25
5366,11
5367,24
5368,19
5369,19
5370,21
5371,32
5372,22
5373,16
5374,22
5375,27
5376,17
5377,20
5378,21
5379,19
5380,25
5381,17
5382,22
5383,25
5384,25
5385,23
5386,15
5387,15
5388,13
5389,15
5390,13
5391,13
5392,13
5393,28
5394,10
5395,19
5396,24
5397,36
5398,23
5399,27
5400,14
5401,20
5402,19
5403,23
5404,17
5405,23
5406,19
5407,16
5408,18
5409,13
5410,12
5411,16
5412,19
5413,12
5414,24
5415,14
5416,14
5417,18
5418,11
5419,20
5420,23
5421,26
5422,23
5423,14
5424,17
5425,18
5426,16
5427,22
5428,19
5429,22
5430,19
5431,14
5432,22
5433,13
5434,16
5435,17
5436,26
5437,20
5438,18
5439,20
5440,24
5441,17
5442,27
5443,20
5444,13
5445,20
5446,21
5447,15
5448,21
5449,20
5450,23
5451,23
5452,18
5453,22
5454,20
5455,17
5456,26
5457,28
5458,21
5459,15
5460,19
5461,13
5462,16
5463,16
5464,19
5465,20
5466,24
5467,33
5468,20
5469,17
5470,13
5471,17
5472,17
5473,21
5474,16
5475,22
5476,15
5477,15
5478,12
5479,16
5480,14
5481,17
5482,27
5483,18
5484,12
5485,19
5486,20
5487,17
5488,18
5489,14
5490,22
5491,24
5492,10
5493,11
5494,24
5495,14
5496,17
5497,20
5498,23
5499,16
5500,30
5501,18
5502,29
5503,13
5504,15
5505,23
5506,28
5507,30
5508,11
5509,25
5510,22
5511,14
5512,13
5513,20
5514,16
5515,19
5516,14
5517,13
5518,13
5519,24
5520,16
5521,16
5522,13
5523,10
5524,24
5525,21
5526,19
5527,10
5528,22
5529,25
5530,20
5531,22
5532,14
5533,17
5534,12
5535,19
5536,19
5537,12
5538,20
5539,17
5540,20
5541,16
5542,20
5543,11
5544,23
5545,11
5546,16
5547,17
5548,16
5549,22
5550,18
5551,21
5552,20
5553,19
5554,19
5555,18
5556,19
5557,15
5558,18
5559,29
5560,18
5561,20
5562,19
5563,30
5564,27
5565,18
5566,20
5567,24
5568,22
5569,18
5570,10
5571,20
5572,12
5573,22
5574,14
5575,18
5576,19
5577,17
5578,23
5579,14
5580,19
5581,20
5582,20
5583,20
5584,20
5585,20
5586,17
5587,24
5588,26
5589,17
5590,25
5591,13
5592,11
5593,18
5594,16
5595,22
5596,19
5597,28
5598,19
5599,12
5600,20
5601,15
5602,20
5603,18
5604,24
5605,18
5606,25
5607,13
5608,16
5609,12
5610,23
5611,17
5612,17
5613,20
5614,19
5615,24
5616,17
5617,23
5618,12
5619,19
5620,26
5621,19
5622,16
5623,20
5624,19
5625,16
5626,20
5627,19
5628,15
5629,19
5630,26
5631,16
5632,24
5633,20
5634,17
5635,20
5636,22
5637,16
5638,17
5639,22
5640,16
5641,21
5642,13
5643,14
5644,15
5645,15
5646,20
5647,18
5648,27
5649,16
5650,27
5651,22
5652,21
5653,16
5654,21
5655,18
5656,24
5657,21
5658,21
5659,13
5660,22
5661,19
5662,17
5663,8
5664,18
5665,15
5666,24
5667,16
5668,22
5669,26
5670,13
5671,23
5672,17
5673,19
5674,21
5675,26
5676,24
5677,10
5678,12
5679,16
5680,14
5681,11
5682,18
5683,18
5684,27
5685,19
5686,23
5687,18
5688,21
5689,19
5690,17
5691,21
5692,19
5693,23
5694,16
5695,10
5696,22
5697,20
5698,18
5699,23
5700,21
5701,9
5702,25
5703,16
5704,16
5705,19
5706,15
5707,21
5708,23
5709,18
5710,18
5711,9
5712,15
5713,17
5714,19
5715,10
5716,18
5717,21
5718,17
5719,20
5720,21
5721,16
5722,14
5723,16
5724,21
5725,24
5726,10
5727,13
5728,21
5729,17
5730,13
5731,24
5732,19
5733,22
5734,18
5735,18
5736,16
5737,26
5738,17
5739,13
5740,18
5741,19
5742,24
5743,19
5744,21
5745,21
5746,21
5747,15
5748,10
5749,13
5750,18
5751,19
5752,20
5753,27
5754,21
5755,20
5756,17
5757,23
5758,21
5759,14
5760,15
5761,12
5762,21
5763,18
5764,29
5765,15
5766,20
5767,19
5768,15
5769,15
5770,13
5771,16
5772,17
5773,17
5774,20
5775,17
5776,23
5777,16
5778,24
5779,16
5780,18
5781,14
5782,17
5783,21
5784,26
5785,18
5786,19
5787,18
5788,17
5789,12
5790,15
5791,16
5792,17
5793,16
5794,16
5795,15
5796,16
5797,13
5798,12
5799,20
5800,28
5801,21
5802,17
5803,18
5804,16
5805,12
5806,20
5807,14
5808,22
5809,23
5810,17
5811,19
5812,22
5813,14
5814,26
5815,18
5816,20
5817,16
5818,19
5819,24
5820,14
5821,17
5822,23
5823,13
5824,16
5825,15
5826,19
5827,14
5828,15
5829,22
5830,15
5831,17
5832,24
5833,21
5834,16
5835,11
5836,18
5837,15
5838,15
5839,20
5840,18
5841,19
5842,18
5843,16
5844,15
5845,29
5846,15
5847,15
5848,19
5849,13
5850,22
5851,20
5852,26
5853,11
5854,17
5855,21
5856,15
5857,17
5858,17
5859,19
5860,20
5861,21
5862,20
5863,26
5864,17
5865,25
5866,11
5867,16
5868,13
5869,23
5870,24
5871,19
5872,15
5873,9
5874,15
5875,19
5876,20
5877,13
5878,22
5879,14
5880,23
5881,20
5882,24
5883,14
5884,17
5885,19
5886,17
5887,19
5888,13
5889,18
5890,19
5891,20
5892,24
5893,23
5894,18
5895,19
5896,12
5897,16
5898,18
5899,15
5900,16
5901,21
5902,26
5903,15
5904,21
5905,19
5906,16
5907,13
5908,19
5909,20
5910,23
5911,20
5912,15
5913,17
5914,21
5915,22
5916,22
5917,23
5918,25
5919,21
5920,13
5921,24
5922,15
5923,21
5924,17
5925,19
5926,19
5927,21
5928,12
5929,19
5930,17
5931,23
5932,11
5933,17
5934,10
5935,15
5936,16
5937,26
5938,20
5939,24
5940,14
5941,22
5942,16
5943,18
5944,15
5945,24
5946,10
5947,18
5948,11
5949,23
5950,8
5951,14
5952,23
5953,17
5954,22
5955,18
5956,20
5957,10
5958,25
5959,13
5960,14
5961,9
5962,17
5963,15
5964,19
5965,16
5966,23
5967,15
5968,20
5969,26
5970,16
5971,21
5972,18
5973,21
5974,23
5975,25
5976,16
5977,25
5978,17
5979,24
5980,14
5981,18
5982,22
5983,14
5984,11
5985,13
5986,13
5987,23
5988,20
5989,22
5990,20
5991,12
5992,19
5993,19
5994,12
5995,16
5996,13
5997,23
5998,9
5999,17
6000,28
6001,24
6002,22
6003,20
6004,25
6005,21
6006,25
6007,24
6008,20
6009,16
6010,24
6011,18
6012,18
6013,21
6014,21
6015,16
6016,22
6017,20
6018,19
6019,20
6020,17
6021,15
6022,12
6023,17
6024,23
6025,20
6026,13
6027,17
6028,22
6029,20
6030,20
6031,19
6032,17
6033,14
6034,23
6035,21
6036,15
6037,13
6038,14
6039,22
6040,23
6041,23
6042,20
6043,20
6044,21
6045,26
6046,26
6047,27
6048,16
6049,20
6050,15
6051,15
6052,17
6053,10
6054,8
6055,21
6056,16
6057,16
6058,16
6059,25
6060,16
6061,16
6062,18
6063,20
6064,30
6065,13
6066,17
6067,11
6068,13
6069,21
6070,24
6071,21
6072,17
6073,18
6074,11
6075,22
6076,19
6077,18
6078,27
6079,14
6080,21
6081,16
6082,17
6083,20
6084,5
6085,22
6086,20
6087,18
6088,16
6089,12
6090,20
6091,18
6092,13
6093,27
6094,22
6095,18
6096,19
6097,18
6098,19
6099,16
6100,24
6101,19
6102,25
6103,16
6104,16
6105,17
6106,15
6107,16
6108,16
6109,22
6110,15
6111,21
6112,17
6113,17
6114,14
6115,18
6116,17
6117,19
6118,21
6119,18
6120,18
6121,16
6122,13
6123,21
6124,23
6125,10
6126,12
6127,20
6128,20
6129,21
6130,18
6131,14
6132,20
6133,15
6134,15
6135,15
6136,12
6137,15
6138,18
6139,19
6140,20
6141,21
6142,20
6143,25
6144,12
6145,16
6146,23
6147,16
6148,16
6149,19
6150,15
6151,21
6152,16
6153,17
6154,20
6155,15
6156,21
6157,13
6158,20
6159,23
6160,17
6161,9
6162,12
6163,14
6164,20
6165,16
6166,21
6167,12
6168,23
6169,25
6170,16
6171,28
6172,11
6173,18
6174,18
6175,19
6176,17
6177,14
6178,19
6179,23
6180,13
6181,17
6182,15
6183,18
6184,19
6185,16
6186,20
6187,17
6188,15
6189,16
6190,18
6191,24
6192,21
6193,11
6194,13
6195,18
6196,16
6197,18
6198,17
6199,19
6200,16
6201,24
6202,15
6203,18
6204,20
6205,24
6206,17
6207,23
6208,15
6209,19
6210,15
6211,15
6212,15
6213,19
6214,25
6215,23
6216,22
6217,18
6218,20
6219,10
6220,20
6221,19
6222,20
6223,19
6224,14
6225,23
6226,18
6227,17
6228,13
6229,13
6230,12
6231,22
6232,20
6233,13
6234,14
6235,20
6236,24
6237,14
6238,14
6239,14
6240,28
6241,20
6242,28
6243,13
6244,17
6245,17
6246,17
6247,32
6248,18
6249,18
6250,23
6251,24
6252,17
6253,22
6254,16
6255,26
6256,17
6257,19
6258,17
6259,26
6260,13
6261,19
6262,18
6263,11
6264,10
6265,14
6266,17
6267,17
6268,18
6269,21
6270,14
6271,18
6272,21
6273,14
6274,25
6275,22
6276,22
6277,14
6278,10
6279,25
6280,15
6281,19
6282,19
6283,23
6284,20
6285,20
6286,23
6287,17
6288,13
6289,17
6290,17
6291,16
6292,23
6293,14
6294,20
6295,14
6296,21
6297,21
6298,15
6299,18
6300,21
6301,16
6302,12
6303,20
6304,19
6305,23
6306,21
6307,16
6308,20
6309,23
6310,25
6311,19
6312,17
6313,9
6314,20
6315,17
6316,10
6317,16
6318,12
6319,19
6320,24
6321,13
6322,18
6323,20
6324,28
6325,22
6326,19
6327,15
6328,10
6329,16
6330,19
6331,18
6332,20
6333,15
6334,23
6335,22
6336,23
6337,21
6338,20
6339,18
6340,22
6341,20
6342,12
6343,18
6344,13
6345,14
6346,15
6347,16
6348,20
6349,27
6350,15
6351,15
6352,18
6353,21
6354,18
6355,27
6356,15
6357,23
6358,15
6359,16
6360,21
6361,12
6362,16
6363,19
6364,25
6365,21
6366,16
6367,19
6368,23
6369,18
6370,21
6371,18
6372,15
6373,13
6374,15
6375,18
6376,12
6377,11
6378,17
6379,18
6380,18
6381,20
6382,16
6383,19
6384,20
6385,21
6386,11
6387,21
6388,20
6389,17
6390,25
6391,23
6392,19
6393,28
6394,16
6395,17
6396,22
6397,15
6398,17
6399,18
6400,16
6401,23
6402,13
6403,18
6404,19
6405,19
6406,21
6407,23
6408,17
6409,16
6410,16
6411,19
6412,19
6413,20
6414,24
6415,24
6416,16
6417,13
6418,23
6419,28
6420,19
6421,17
6422,19
6423,19
6424,21
6425,21
6426,23
6427,19
6428,19
6429,14
6430,14
6431,21
6432,18
6433,19
6434,15
6435,16
6436,15
6437,16
6438,27
6439,15
6440,14
6441,27
6442,23
6443,10
6444,18
6445,19
6446,14
6447,13
6448,23
6449,19
6450,21
6451,14
6452,16
6453,14
6454,20
6455,18
6456,14
6457,22
6458,17
6459,14
6460,18
6461,20
6462,20
6463,20
6464,14
6465,24
6466,26
6467,19
6468,19
6469,17
6470,19
6471,12
6472,24
6473,10
6474,23
6475,19
6476,17
6477,21
6478,10
6479,8
6480,18
6481,14
6482,20
6483,18
6484,14
6485,24
6486,15
6487,20
6488,29
6489,15
6490,14
6491,18
6492,23
6493,20
6494,19
6495,20
6496,16
6497,16
6498,20
6499,12
6500,20
6501,11
6502,13
6503,26
6504,9
6505,21
6506,27
6507,15
6508,22
6509,15
6510,16
6511,20
6512,21
6513,19
6514,17
6515,20
6516,17
6517,16
6518,20
6519,13
6520,11
6521,11
6522,13
6523,12
6524,15
6525,15
6526,16
6527,22
6528,23
6529,16
6530,16
6531,16
6532,28
6533,26
6534,30
6535,16
6536,18
6537,26
6538,19
6539,19
6540,22
6541,21
6542,21
6543,23
6544,18
6545,12
6546,16
6547,15
6548,27
6549,21
6550,22
6551,20
6552,20
6553,9
6554,14
6555,14
6556,20
6557,8
6558,14
6559,25
6560,15
6561,14
6562,11
6563,13
6564,26
6565,22
6566,18
6567,19
6568,21
6569,29
6570,16
6571,21
6572,17
6573,21
6574,19
6575,15
6576,17
6577,16
6578,21
6579,15
6580,23
6581,27
6582,21
6583,23
6584,14
6585,23
6586,16
6587,25
6588,14
6589,16
6590,25
6591,16
6592,24
6593,22
6594,13
6595,24
6596,18
6597,16
6598,14
6599,19
6600,24
6601,12
6602,15
6603,20
6604,16
6605,17
6606,26
6607,8
6608,15
6609,18
6610,14
6611,22
6612,18
6613,14
6614,24
6615,21
6616,21
6617,21
6618,17
6619,17
6620,17
6621,23
6622,20
6623,9
6624,28
6625,16
6626,22
6627,22
6628,16
6629,19
6630,17
6631,20
6632,22
6633,20
6634,27
6635,14
6636,15
6637,23
6638,17
6639,15
6640,24
6641,14
6642,17
6643,20
6644,21
6645,17
6646,24
6647,19
6648,22
6649,22
6650,16
6651,18
6652,15
6653,18
6654,14
6655,14
6656,19
6657,17
6658,17
6659,25
6660,17
6661,20
6662,13
6663,18
6664,22
6665,21
6666,20
6667,22
6668,26
6669,18
6670,21
6671,16
6672,20
6673,19
6674,22
6675,19
6676,22
6677,23
6678,20
6679,17
6680,18
6681,14
6682,17
6683,17
6684,19
6685,14
6686,23
6687,16
6688,20
6689,23
6690,17
6691,15
6692,19
6693,17
6694,25
6695,24
6696,18
6697,15
6698,17
6699,15
6700,16
6701,20
6702,15
6703,13
6704,24
6705,15
6706,11
6707,18
6708,15
6709,21
6710,17
6711,20
6712,19
6713,21
6714,15
6715,22
6716,26
6717,16
6718,18
6719,22
6720,13
6721,19
6722,25
6723,13
6724,18
6725,16
6726,15
6727,18
6728,21
6729,21
6730,18
6731,17
6732,13
6733,18
6734,25
6735,16
6736,16
6737,17
6738,13
6739,14
6740,23
6741,17
6742,18
6743,17
6744,15
6745,10
6746,12
6747,18
6748,16
6749,19
6750,10
6751,16
6752,12
6753,25
6754,24
6755,16
6756,17
6757,24
6758,18
6759,31
6760,16
6761,21
6762,15
6763,22
6764,21
6765,19
6766,12
6767,22
6768,20
6769,13
6770,26
6771,15
6772,17
6773,22
6774,18
6775,22
6776,20
6777,19
6778,20
6779,24
6780,21
6781,19
6782,17
6783,14
6784,16
6785,19
6786,24
6787,19
6788,21
6789,20
6790,10
6791,13
6792,14
6793,30
6794,17
6795,11
6796,17
6797,15
6798,21
6799,22
6800,34
6801,20
6802,23
6803,13
6804,14
6805,19
6806,16
6807,15
6808,13
6809,21
6810,25
6811,15
6812,18
6813,12
6814,20
6815,20
6816,18
6817,25
6818,6
6819,19
6820,15
6821,19
6822,15
6823,19
6824,12
6825,21
6826,24
6827,16
6828,15
6829,15
6830,19
6831,11
6832,18
6833,16
6834,17
6835,24
6836,20
6837,22
6838,22
6839,15
6840,17
6841,20
6842,9
6843,15
6844,27
6845,14
6846,21
6847,20
6848,22
6849,18
6850,16
6851,21
6852,14
6853,18
6854,14
6855,34
6856,16
6857,20
6858,23
6859,15
6860,17
6861,18
6862,11
6863,14
6864,16
6865,19
6866,26
6867,26
6868,17
6869,15
6870,18
6871,16
6872,23
6873,27
6874,20
6875,14
6876,22
6877,8
6878,19
6879,12
6880,16
6881,12
6882,14
6883,16
6884,16
6885,15
6886,9
6887,20
6888,19
6889,20
6890,19
6891,11
6892,21
6893,20
6894,16
6895,15
6896,17
6897,19
6898,20
6899,15
6900,22
6901,23
6902,24
6903,17
6904,13
6905,22
6906,11
6907,15
6908,19
6909,21
6910,13
6911,26
6912,23
6913,17
6914,16
6915,22
6916,19
6917,17
6918,25
6919,15
6920,33
6921,22
6922,17
6923,19
6924,14
6925,16
6926,21
6927,18
6928,11
6929,15
6930,18
6931,20
6932,16
6933,15
6934,16
6935,8
6936,15
6937,20
6938,15
6939,10
6940,14
6941,14
6942,13
6943,14
6944,21
6945,17
6946,23
6947,27
6948,17
6949,12
6950,17
6951,25
6952,25
6953,14
6954,21
6955,13
6956,24
6957,8
6958,16
6959,23
6960,15
6961,10
6962,19
6963,19
6964,18
6965,14
6966,11
6967,22
6968,17
6969,16
6970,19
6971,17
6972,17
6973,16
6974,14
6975,18
6976,14
6977,19
6978,15
6979,26
6980,17
6981,19
6982,21
6983,15
6984,21
6985,17
6986,18
6987,15
6988,13
6989,18
6990,18
6991,18
6992,17
6993,26
6994,22
6995,14
6996,18
6997,15
6998,21
6999,14
7000,17
7001,13
7002,24
7003,19
7004,16
7005,17
7006,16
7007,20
7008,18
7009,19
7010,10
7011,16
7012,22
7013,16
7014,12
7015,29
7016,13
7017,22
7018,20
7019,12
7020,18
7021,18
7022,20
7023,19
7024,14
7025,19
7026,25
7027,27
7028,17
7029,12
7030,22
7031,19
7032,11
7033,21
7034,26
7035,22
7036,18
7037,19
7038,22
7039,13
7040,20
7041,19
7042,21
7043,16
7044,18
7045,15
7046,15
7047,20
7048,19
7049,16
7050,16
7051,17
7052,19
7053,19
7054,21
7055,19
7056,16
7057,26
7058,16
7059,18
7060,23
7061,15
7062,16
7063,13
7064,23
7065,19
7066,32
7067,22
7068,20
7069,17
7070,23
7071,21
7072,25
7073,14
7074,19
7075,22
7076,17
7077,17
7078,21
7079,18
7080,13
7081,18
7082,13
7083,16
7084,18
7085,21
7086,24
7087,20
7088,24
7089,21
7090,23
7091,19
7092,22
7093,22
7094,18
7095,21
7096,20
7097,23
7098,22
7099,26
7100,22
7101,18
7102,19
7103,25
7104,19
7105,22
7106,12
7107,20
7108,17
7109,19
7110,20
7111,16
7112,19
7113,22
7114,17
7115,20
7116,21
7117,16
7118,15
7119,19
7120,13
7121,13
7122,18
7123,25
7124,13
7125,26
7126,10
7127,16
7128,20
7129,18
7130,22
7131,21
7132,19
7133,21
7134,15
7135,13
7136,16
7137,21
7138,22
7139,20
7140,22
7141,17
7142,10
7143,18
7144,17
7145,19
7146,18
7147,22
7148,21
7149,15
7150,21
7151,15
7152,15
7153,18
7154,19
7155,20
7156,20
7157,13
7158,23
7159,17
7160,15
7161,13
7162,16
7163,20
7164,19
7165,17
7166,7
7167,10
7168,19
7169,20
7170,16
7171,19
7172,23
7173,19
7174,18
7175,23
7176,23
7177,19
7178,22
7179,8
7180,24
7181,19
7182,22
7183,23
7184,14
7185,27
7186,19
7187,15
7188,16
7189,13
7190,16
7191,21
7192,18
7193,13
7194,16
7195,24
7196,13
7197,16
7198,14
7199,19
7200,20
7201,23
7202,19
7203,13
7204,21
7205,18
7206,16
7207,21
7208,13
7209,18
7210,15
7211,18
7212,22
7213,24
7214,25
7215,18
7216,15
7217,17
7218,21
7219,17
7220,18
7221,21
7222,20
7223,15
7224,20
7225,17
7226,20
7227,13
7228,16
7229,8
7230,23
7231,24
7232,18
7233,20
7234,19
7235,20
7236,15
7237,24
7238,18
7239,24
7240,26
7241,18
7242,20
7243,21
7244,22
7245,14
7246,22
7247,18
7248,15
7249,14
7250,16
7251,20
7252,13
7253,30
7254,17
7255,17
7256,14
7257,19
7258,16
7259,25
7260,14
7261,14
7262,17
7263,13
7264,16
7265,16
7266,18
7267,22
7268,23
7269,21
7270,20
7271,22
7272,15
7273,17
7274,15
7275,21
7276,14
7277,19
7278,22
7279,20
7280,21
7281,25
7282,16
7283,16
7284,14
7285,20
7286,24
7287,19
7288,16
7289,19
7290,18
7291,19
7292,9
7293,14
7294,18
7295,21
7296,22
7297,21
7298,20
7299,18
7300,12
7301,16
7302,24
7303,20
7304,18
7305,15
7306,15
7307,18
7308,26
7309,17
7310,24
7311,15
7312,13
7313,21
7314,9
7315,22
7316,19
7317,19
7318,14
7319,20
7320,25
7321,10
7322,22
7323,20
7324,19
7325,21
7326,10
7327,18
7328,21
7329,16
7330,18
7331,19
7332,22
7333,22
7334,20
7335,15
7336,20
7337,22
7338,19
7339,17
7340,20
7341,16
7342,17
7343,16
7344,16
7345,24
7346,19
7347,13
7348,18
7349,21
7350,18
7351,13
7352,15
7353,12
7354,10
7355,13
7356,17
7357,13
7358,17
7359,18
7360,18
7361,15
7362,15
7363,17
7364,20
7365,24
7366,16
7367,18
7368,16
7369,18
7370,23
7371,17
7372,19
7373,16
7374,15
7375,19
7376,19
7377,11
7378,15
7379,18
7380,23
7381,11
7382,17
7383,16
7384,18
7385,8
7386,17
7387,19
7388,18
7389,21
7390,16
7391,26
7392,21
7393,24
7394,22
7395,21
7396,22
7397,17
7398,20
7399,21
7400,21
7401,14
7402,15
7403,17
7404,20
7405,20
7406,17
7407,24
7408,22
7409,24
7410,23
7411,23
7412,22
7413,12
7414,19
7415,14
7416,21
7417,13
7418,18
7419,22
7420,12
7421,21
7422,25
7423,15
7424,15
7425,28
7426,11
7427,10
7428,17
7429,19
7430,30
7431,21
7432,18
7433,16
7434,22
7435,17
7436,18
7437,19
7438,16
7439,20
7440,21
7441,20
7442,36
7443,20
7444,12
7445,30
7446,26
7447,23
7448,17
7449,19
7450,19
7451,16
7452,16
7453,15
7454,14
7455,22
7456,9
7457,24
7458,15
7459,25
7460,19
7461,20
7462,21
7463,22
7464,15
7465,18
7466,19
7467,20
7468,16
7469,14
7470,19
7471,15
7472,15
7473,22
7474,21
7475,18
7476,20
7477,20
7478,26
7479,20
7480,19
7481,26
7482,16
7483,18
7484,14
7485,20
7486,14
7487,23
7488,25
7489,15
7490,20
7491,16
7492,15
7493,22
7494,23
7495,17
7496,26
7497,19
7498,19
7499,16
7500,17
7501,21
7502,17
7503,27
7504,23
7505,15
7506,14
7507,20
7508,19
7509,14
7510,16
7511,28
7512,18
7513,22
7514,27
7515,19
7516,16
7517,14
7518,34
7519,24
7520,19
7521,17
7522,19
7523,13
7524,19
7525,28
7526,27
7527,25
7528,21
7529,23
7530,18
7531,15
7532,16
7533,17
7534,15
7535,26
7536,17
7537,22
7538,15
7539,18
7540,20
7541,17
7542,19
7543,14
7544,21
7545,9
7546,23
7547,23
7548,21
7549,18
7550,18
7551,19
7552,11
7553,15
7554,13
7555,19
7556,21
7557,22
7558,26
7559,11
7560,14
7561,25
7562,19
7563,16
7564,20
7565,12
7566,20
7567,21
7568,21
7569,17
7570,19
7571,17
7572,20
7573,18
7574,20
7575,12
7576,21
7577,23
7578,25
7579,20
7580,17
7581,19
7582,19
7583,26
7584,15
7585,25
7586,10
7587,18
7588,17
7589,17
7590,25
7591,17
7592,24
7593,21
7594,19
7595,15
7596,17
7597,12
7598,19
7599,17
7600,16
7601,12
7602,27
7603,19
7604,22
7605,17
7606,24
7607,8
7608,17
7609,16
7610,15
7611,14
7612,21
7613,13
7614,24
7615,21
7616,22
7617,15
7618,12
7619,17
7620,13
7621,17
7622,16
7623,18
7624,18
7625,13
7626,18
7627,16
7628,18
7629,24
7630,20
7631,20
7632,13
7633,18
7634,14
7635,19
7636,17
7637,20
7638,13
7639,21
7640,20
7641,17
7642,19
7643,16
7644,21
7645,15
7646,22
7647,20
7648,18
7649,15
7650,22
7651,15
7652,18
7653,23
7654,16
7655,12
7656,27
7657,25
7658,19
7659,16
7660,13
7661,16
7662,27
7663,21
7664,17
7665,13
7666,10
7667,20
7668,16
7669,26
7670,23
7671,14
7672,16
7673,21
7674,19
7675,13
7676,16
7677,13
7678,14
7679,19
7680,21
7681,17
7682,20
7683,21
7684,22
7685,24
7686,10
7687,13
7688,24
7689,18
7690,18
7691,14
7692,13
7693,25
7694,17
7695,11
7696,17
7697,15
7698,20
7699,23
7700,21
7701,23
7702,17
7703,18
7704,14
7705,13
7706,18
7707,25
7708,17
7709,14
7710,16
7711,16
7712,26
7713,13
7714,15
7715,22
7716,17
7717,23
7718,24
7719,23
7720,18
7721,17
7722,16
7723,19
7724,19
7725,24
7726,13
7727,25
7728,15
7729,24
7730,20
7731,21
7732,11
7733,15
7734,16
7735,19
7736,20
7737,18
7738,15
7739,18
7740,23
7741,12
7742,30
7743,12
7744,16
7745,14
7746,17
7747,16
7748,18
7749,17
7750,16
7751,10
7752,18
7753,11
7754,15
7755,24
7756,18
7757,17
7758,13
7759,14
7760,22
7761,15
7762,23
7763,15
7764,12
7765,16
7766,17
7767,18
7768,17
7769,19
7770,21
7771,8
7772,14
7773,12
7774,21
7775,18
7776,14
7777,19
7778,19
7779,11
7780,24
7781,14
7782,16
7783,27
7784,17
7785,30
7786,16
7787,17
7788,18
7789,14
7790,17
7791,23
7792,18
7793,16
7794,18
7795,17
7796,22
7797,22
7798,11
7799,26
7800,12
7801,13
7802,20
7803,26
7804,21
7805,24
7806,15
7807,20
7808,16
7809,11
7810,15
7811,20
7812,19
7813,14
7814,22
7815,15
7816,15
7817,14
7818,24
7819,24
7820,22
7821,21
7822,25
7823,19
7824,16
7825,17
7826,22
7827,15
7828,15
7829,17
7830,16
7831,14
7832,17
7833,25
7834,24
7835,19
7836,14
7837,16
7838,23
7839,23
7840,15
7841,17
7842,15
7843,23
7844,13
7845,15
7846,25
7847,23
7848,26
7849,10
7850,15
7851,11
7852,25
7853,18
7854,20
7855,24
7856,15
7857,14
7858,11
7859,21
7860,11
7861,16
7862,18
7863,15
7864,16
7865,16
7866,15
7867,31
7868,26
7869,20
7870,20
7871,18
7872,18
7873,22
7874,22
7875,24
7876,10
7877,17
7878,19
7879,11
7880,18
7881,18
7882,20
7883,22
7884,17
7885,17
7886,14
7887,16
7888,17
7889,11
7890,12
7891,17
7892,25
7893,12
7894,16
7895,16
7896,18
7897,21
7898,15
7899,23
7900,13
7901,13
7902,13
7903,24
7904,18
7905,29
7906,19
7907,22
7908,19
7909,17
7910,16
7911,20
7912,16
7913,17
7914,12
7915,11
7916,17
7917,17
7918,24
7919,19
7920,25
7921,26
7922,19
7923,19
7924,17
7925,14
7926,27
7927,22
7928,15
7929,15
7930,22
7931,23
7932,21
7933,16
7934,16
7935,22
7936,19
7937,24
7938,16
7939,18
7940,16
7941,18
7942,24
7943,11
7944,16
7945,19
7946,12
7947,18
7948,10
7949,15
7950,21
7951,22
7952,23
7953,15
7954,22
7955,18
7956,21
7957,17
7958,10
7959,11
7960,20
7961,20
7962,24
7963,18
7964,17
7965,18
7966,26
7967,16
7968,24
7969,17
7970,21
7971,24
7972,20
7973,15
7974,14
7975,15
7976,28
7977,20
7978,11
7979,15
7980,23
7981,17
7982,17
7983,22
7984,16
7985,19
7986,18
7987,20
7988,17
7989,20
7990,21
7991,17
7992,15
7993,23
7994,12
7995,13
7996,15
7997,20
7998,18
7999,28
8000,11
8001,17
8002,18
8003,12
8004,23
8005,17
8006,20
8007,22
8008,23
8009,16
8010,13
8011,17
8012,15
8013,13
8014,21
8015,18
8016,23
8017,13
8018,13
8019,15
8020,19
8021,13
8022,15
8023,15
8024,19
8025,23
8026,15
8027,18
8028,24
8029,19
8030,19
8031,24
8032,18
8033,24
8034,17
8035,17
8036,18
8037,13
8038,14
8039,25
8040,12
8041,20
8042,18
8043,25
8044,19
8045,24
8046,11
8047,17
8048,23
8049,20
8050,17
8051,17
8052,13
8053,25
8054,13
8055,15
8056,16
8057,23
8058,25
8059,11
8060,13
8061,20
8062,16
8063,14
8064,22
8065,11
8066,15
8067,19
8068,20
8069,20
8070,18
8071,18
8072,17
8073,16
8074,17
8075,11
8076,17
8077,17
8078,24
8079,23
8080,21
8081,19
8082,20
8083,24
8084,24
8085,11
8086,19
8087,17
8088,16
8089,17
8090,19
8091,15
8092,19
8093,14
8094,17
8095,19
8096,18
8097,28
8098,19
8099,16
8100,18
8101,20
8102,12
8103,10
8104,18
8105,18
8106,18
8107,14
8108,17
8109,24
8110,24
8111,20
8112,17
8113,22
8114,12
8115,17
8116,11
8117,18
8118,18
8119,25
8120,14
8121,19
8122,18
8123,25
8124,27
8125,15
8126,18
8127,17
8128,20
8129,14
8130,15
8131,11
8132,12
8133,15
8134,22
8135,25
8136,23
8137,24
8138,15
8139,16
8140,16
8141,12
8142,24
8143,13
8144,23
8145,30
8146,18
8147,18
8148,17
8149,20
8150,17
8151,14
8152,18
8153,12
8154,22
8155,12
8156,24
8157,17
8158,21
8159,19
8160,17
8161,15
8162,13
8163,19
8164,21
8165,17
8166,25
8167,10
8168,13
8169,20
8170,18
8171,11
8172,26
8173,13
8174,16
8175,22
8176,11
8177,24
8178,17
8179,24
8180,22
8181,16
8182,23
8183,21
8184,19
8185,16
8186,20
8187,16
8188,24
8189,16
8190,25
8191,15
8192,16
8193,17
8194,19
8195,15
8196,19
8197,15
8198,13
8199,18
8200,15
8201,15
8202,19
8203,19
8204,17
8205,18
8206,20
8207,13
8208,20
8209,15
8210,23
8211,13
8212,14
8213,22
8214,20
8215,22
8216,20
8217,27
8218,22
8219,20
8220,10
8221,28
8222,12
8223,19
8224,24
8225,14
8226,16
8227,21
8228,17
8229,19
8230,21
8231,27
8232,20
8233,18
8234,11
8235,22
8236,17
8237,15
8238,18
8239,14
8240,20
8241,19
8242,12
8243,17
8244,14
8245,22
8246,17
8247,14
8248,18
8249,13
8250,11
8251,21
8252,23
8253,16
8254,27
8255,15
8256,23
8257,15
8258,16
8259,17
8260,16
8261,16
8262,18
8263,23
8264,19
8265,11
8266,13
8267,16
8268,15
8269,12
8270,24
8271,13
8272,24
8273,20
8274,19
8275,16
8276,20
8277,13
8278,22
8279,17
8280,15
8281,24
8282,18
8283,20
8284,14
8285,20
8286,18
8287,16
8288,21
8289,16
8290,15
8291,22
8292,19
8293,16
8294,19
8295,13
8296,14
8297,15
8298,15
8299,18
8300,21
8301,17
8302,14
8303,21
8304,21
8305,11
8306,16
8307,20
8308,18
8309,9
8310,24
8311,24
8312,15
8313,21
8314,13
8315,18
8316,21
8317,21
8318,17
8319,17
8320,13
8321,13
8322,20
8323,18
8324,22
8325,17
8326,18
8327,22
8328,20
8329,14
8330,18
8331,19
8332,19
8333,14
8334,15
8335,14
8336,25
8337,19
8338,14
8339,15
8340,15
8341,24
8342,15
8343,14
8344,25
8345,17
8346,16
8347,20
8348,21
8349,14
8350,18
8351,18
8352,13
8353,14
8354,22
8355,14
8356,18
8357,17
8358,20
8359,15
8360,17
8361,24
8362,19
8363,16
8364,28
8365,21
8366,17
8367,17
8368,26
8369,17
8370,13
8371,21
8372,21
8373,12
8374,16
8375,16
8376,14
8377,24
8378,18
8379,16
8380,18
8381,17
8382,22
8383,14
8384,22
8385,24
8386,19
8387,21
8388,14
8389,16
8390,12
8391,26
8392,15
8393,14
8394,13
8395,14
8396,20
8397,18
8398,20
8399,20
8400,20
8401,20
8402,14
8403,14
8404,16
8405,23
8406,24
8407,14
8408,15
8409,21
8410,19
8411,18
8412,13
8413,21
8414,19
8415,27
8416,19
8417,17
8418,22
8419,19
8420,24
8421,20
8422,23
8423,14
8424,15
8425,21
8426,21
8427,10
8428,18
8429,18
8430,21
8431,17
8432,18
8433,21
8434,13
8435,19
8436,15
8437,10
8438,19
8439,20
8440,22
8441,15
8442,25
8443,19
8444,26
8445,15
8446,26
8447,14
8448,21
8449,18
8450,13
8451,28
8452,18
8453,15
8454,14
8455,19
8456,21
8457,23
8458,19
8459,23
8460,21
8461,19
8462,25
8463,23
8464,12
8465,18
8466,16
8467,10
8468,14
8469,23
8470,21
8471,16
8472,19
8473,15
8474,14
8475,15
8476,11
8477,9
8478,19
8479,21
8480,23
8481,23
8482,17
8483,19
8484,20
8485,22
8486,21
8487,17
8488,16
8489,21
8490,17
8491,22
8492,25
8493,24
8494,28
8495,12
8496,21
8497,25
8498,16
8499,25
8500,21
8501,17
8502,16
8503,17
8504,19
8505,14
8506,12
8507,8
8508,17
8509,23
8510,14
8511,26
8512,25
8513,20
8514,23
8515,21
8516,20
8517,19
8518,23
8519,19
8520,14
8521,7
8522,22
8523,20
8524,18
8525,15
8526,15
8527,19
8528,20
8529,17
8530,18
8531,18
8532,18
8533,15
8534,23
8535,13
8536,14
8537,20
8538,25
8539,19
8540,12
8541,18
8542,17
8543,22
8544,13
8545,20
8546,18
8547,18
8548,28
8549,15
8550,15
8551,21
8552,20
8553,21
8554,19
8555,21
8556,17
8557,16
8558,11
8559,20
8560,12
8561,14
8562,20
8563,16
8564,26
8565,17
8566,21
8567,17
8568,18
8569,17
8570,18
8571,13
8572,16
8573,22
8574,19
8575,21
8576,14
8577,10
8578,28
8579,22
8580,19
8581,19
8582,22
8583,18
8584,15
8585,20
8586,21
8587,21
8588,19
8589,24
8590,19
8591,15
8592,15
8593,14
8594,26
8595,18
8596,21
8597,19
8598,25
8599,17
8600,11
8601,21
8602,14
8603,15
8604,17
8605,14
8606,15
8607,22
8608,27
8609,23
8610,11
8611,15
8612,17
8613,18
8614,18
8615,21
8616,16
8617,21
8618,17
8619,21
8620,22
8621,21
8622,19
8623,19
8624,17
8625,34
8626,24
8627,26
8628,19
8629,21
8630,21
8631,16
8632,22
8633,17
8634,20
8635,19
8636,18
8637,16
8638,15
8639,15
8640,16
8641,25
8642,20
8643,22
8644,19
8645,15
8646,17
8647,19
8648,19
8649,17
8650,18
8651,21
8652,13
8653,14
8654,24
8655,19
8656,23
8657,19
8658,13
8659,15
8660,25
8661,23
8662,22
8663,12
8664,15
8665,13
8666,21
8667,18
8668,22
8669,26
8670,24
8671,15
8672,19
8673,20
8674,24
8675,20
8676,18
8677,22
8678,16
8679,18
8680,17
8681,13
8682,15
8683,20
8684,29
8685,19
8686,20
8687,27
8688,25
8689,17
8690,20
8691,19
8692,26
8693,23
8694,18
8695,9
8696,20
8697,19
8698,18
8699,13
8700,14
8701,21
8702,14
8703,18
8704,20
8705,16
8706,22
8707,15
8708,21
8709,18
8710,19
8711,21
8712,22
8713,25
8714,17
8715,16
8716,20
8717,18
8718,22
8719,12
8720,18
8721,14
8722,16
8723,18
8724,15
8725,20
8726,22
8727,11
8728,19
8729,29
8730,15
8731,16
8732,17
8733,18
8734,18
8735,16
8736,20
8737,13
8738,19
8739,19
8740,12
8741,23
8742,18
8743,17
8744,14
8745,16
8746,23
8747,22
8748,21
8749,11
8750,16
8751,17
8752,15
8753,19
8754,12
8755,24
8756,12
8757,15
8758,12
8759,14
8760,19
8761,15
8762,14
8763,22
8764,27
8765,18
8766,15
8767,15
8768,12
8769,19
8770,14
8771,20
8772,23
8773,19
8774,23
8775,16
8776,18
8777,9
8778,20
8779,19
8780,19
8781,17
8782,20
8783,19
8784,18
8785,18
8786,14
8787,13
8788,15
8789,30
8790,17
8791,9
8792,21
8793,15
8794,17
8795,21
8796,12
8797,22
8798,22
8799,25
8800,16
8801,17
8802,18
8803,18
8804,16
8805,15
8806,16
8807,21
8808,21
8809,19
8810,27
8811,17
8812,19
8813,13
8814,18
8815,15
8816,15
8817,23
8818,19
8819,27
8820,23
8821,16
8822,16
8823,11
8824,22
8825,20
8826,13
8827,19
8828,17
8829,13
8830,18
8831,22
8832,17
8833,16
8834,11
8835,16
8836,15
8837,16
8838,21
8839,13
8840,14
8841,16
8842,22
8843,19
8844,24
8845,17
8846,16
8847,14
8848,23
8849,7
8850,10
8851,16
8852,18
8853,14
8854,21
8855,27
8856,16
8857,15
8858,16
8859,21
8860,24
8861,21
8862,20
8863,14
8864,17
8865,25
8866,17
8867,13
8868,18
8869,14
8870,12
8871,18
8872,26
8873,15
8874,15
8875,20
8876,19
8877,16
8878,18
8879,15
8880,17
8881,14
8882,16
8883,20
8884,20
8885,23
8886,21
8887,16
8888,21
8889,18
8890,14
8891,18
8892,16
8893,20
8894,22
8895,16
8896,18
8897,17
8898,20
8899,12
8900,17
8901,20
8902,12
8903,18
8904,24
8905,13
8906,27
8907,16
8908,14
8909,14
8910,17
8911,20
8912,26
8913,18
8914,15
8915,12
8916,18
8917,10
8918,21
8919,28
8920,14
8921,18
8922,8
8923,14
8924,18
8925,15
8926,14
8927,24
8928,14
8929,18
8930,27
8931,10
8932,19
8933,25
8934,22
8935,22
8936,16
8937,20
8938,13
8939,15
8940,30
8941,30
8942,22
8943,20
8944,19
8945,19
8946,18
8947,19
8948,29
8949,20
8950,10
8951,19
8952,18
8953,17
8954,27
8955,19
8956,18
8957,13
8958,24
8959,15
8960,12
8961,20
8962,12
8963,26
8964,25
8965,17
8966,18
8967,21
8968,20
8969,17
8970,16
8971,18
8972,22
8973,12
8974,22
8975,20
8976,13
8977,17
8978,18
8979,16
8980,19
8981,23
8982,21
8983,23
8984,17
8985,23
8986,18
8987,20
8988,11
8989,21
8990,18
8991,15
8992,13
8993,17
8994,22
8995,18
8996,20
8997,11
8998,17
8999,18
9000,20
9001,16
9002,23
9003,14
9004,13
9005,16
9006,19
9007,22
9008,11
9009,10
9010,17
9011,22
9012,19
9013,18
9014,19
9015,32
9016,19
9017,14
9018,19
9019,19
9020,22
9021,20
9022,19
9023,19
9024,22
9025,14
9026,14
9027,17
9028,16
9029,18
9030,19
9031,16
9032,19
9033,21
9034,16
9035,15
9036,22
9037,16
9038,17
9039,19
9040,10
9041,18
9042,13
9043,22
9044,23
9045,18
9046,14
9047,19
9048,10
9049,20
9050,18
9051,17
9052,18
9053,23
9054,12
9055,19
9056,23
9057,25
9058,14
9059,14
9060,21
9061,20
9062,22
9063,21
9064,18
9065,21
9066,22
9067,19
9068,17
9069,11
9070,12
9071,22
9072,16
9073,15
9074,12
9075,22
9076,13
9077,16
9078,21
9079,17
9080,14
9081,18
9082,16
9083,19
9084,17
9085,22
9086,15
9087,14
9088,22
9089,15
9090,17
9091,17
9092,16
9093,18
9094,22
9095,17
9096,19
9097,14
9098,16
9099,19
9100,12
9101,15
9102,14
9103,23
9104,16
9105,14
9106,20
9107,17
9108,12
9109,14
9110,17
9111,15
9112,12
9113,26
9114,12
9115,19
9116,18
9117,12
9118,22
9119,21
9120,14
9121,20
9122,20
9123,22
9124,15
9125,23
9126,18
9127,21
9128,19
9129,15
9130,23
9131,23
9132,25
9133,15
9134,17
9135,21
9136,14
9137,24
9138,21
9139,18
9140,15
9141,16
9142,25
9143,27
9144,20
9145,13
9146,23
9147,22
9148,18
9149,17
9150,21
9151,15
9152,27
9153,17
9154,15
9155,15
9156,19
9157,15
9158,20
9159,28
9160,25
9161,15
9162,16
9163,17
9164,11
9165,20
9166,18
9167,19
9168,26
9169,22
9170,17
9171,22
9172,17
9173,16
9174,19
9175,19
9176,18
9177,11
9178,19
9179,23
9180,15
9181,16
9182,11
9183,18
9184,17
9185,18
9186,24
9187,19
9188,20
9189,23
9190,25
9191,20
9192,17
9193,25
9194,14
9195,21
9196,13
9197,20
9198,28
9199,18
9200,20
9201,23
9202,13
9203,15
9204,23
9205,17
9206,17
9207,20
9208,11
9209,16
9210,20
9211,12
9212,25
9213,19
9214,11
9215,28
9216,17
9217,26
9218,19
9219,17
9220,17
9221,21
9222,14
9223,16
9224,12
9225,18
9226,13
9227,23
9228,21
9229,12
9230,13
9231,20
9232,18
9233,20
9234,23
9235,13
9236,15
9237,18
9238,18
9239,19
9240,20
9241,19
9242,17
9243,20
9244,22
9245,19
9246,27
9247,19
9248,18
9249,20
9250,15
9251,21
9252,12
9253,23
9254,23
9255,25
9256,18
9257,14
9258,23
9259,18
9260,18
9261,12
9262,21
9263,15
9264,22
9265,21
9266,15
9267,14
9268,16
9269,12
9270,19
9271,17
9272,20
9273,25
9274,13
9275,26
9276,20
9277,18
9278,19
9279,16
9280,19
9281,20
9282,18
9283,19
9284,22
9285,13
9286,10
9287,22
9288,20
9289,23
9290,20
9291,21
9292,17
9293,16
9294,16
9295,16
9296,23
9297,15
9298,27
9299,16
9300,17
9301,20
9302,20
9303,10
9304,14
9305,16
9306,20
9307,21
9308,20
9309,18
9310,17
9311,22
9312,14
9313,21
9314,16
9315,16
9316,19
9317,17
9318,16
9319,17
9320,21
9321,26
9322,17
9323,21
9324,16
9325,19
9326,21
9327,15
9328,15
9329,15
9330,18
9331,15
9332,27
9333,18
9334,20
9335,29
9336,20
9337,13
9338,12
9339,34
9340,20
9341,23
9342,14
9343,16
9344,23
9345,18
9346,12
9347,17
9348,20
9349,23
9350,18
9351,17
9352,19
9353,15
9354,15
9355,14
9356,20
9357,26
9358,21
9359,14
9360,14
9361,16
9362,18
9363,13
9364,17
9365,21
9366,18
9367,17
9368,22
9369,15
9370,14
9371,21
9372,11
9373,17
9374,14
9375,24
9376,15
9377,13
9378,29
9379,25
9380,18
9381,32
9382,19
9383,23
9384,19
9385,17
9386,18
9387,18
9388,20
9389,23
9390,25
9391,18
9392,16
9393,19
9394,24
9395,17
9396,13
9397,24
9398,14
9399,11
9400,21
9401,19
9402,11
9403,18
9404,20
9405,19
9406,20
9407,20
9408,18
9409,20
9410,24
9411,12
9412,18
9413,16
9414,13
9415,21
9416,23
9417,20
9418,21
9419,17
9420,15
9421,22
9422,19
9423,23
9424,19
9425,16
9426,17
9427,18
9428,16
9429,19
9430,24
9431,17
9432,14
9433,21
9434,19
9435,13
9436,23
9437,10
9438,18
9439,19
9440,14
9441,21
9442,18
9443,26
9444,22
9445,23
9446,17
9447,20
9448,26
9449,15
9450,16
9451,19
9452,18
9453,24
9454,13
9455,20
9456,18
9457,9
9458,14
9459,15
9460,22
9461,16
9462,20
9463,18
9464,21
9465,20
9466,17
9467,17
9468,15
9469,15
9470,22
9471,18
9472,16
9473,22
9474,18
9475,17
9476,16
9477,18
9478,19
9479,13
9480,15
9481,20
9482,17
9483,14
9484,17
9485,23
9486,18
9487,15
9488,20
9489,23
9490,23
9491,12
9492,17
9493,13
9494,23
9495,22
9496,16
9497,20
9498,13
9499,29
9500,21
9501,16
9502,24
9503,17
9504,11
9505,23
9506,20
9507,26
9508,19
9509,18
9510,18
9511,23
9512,13
9513,20
9514,20
9515,21
9516,16
9517,18
9518,15
9519,21
9520,18
9521,19
9522,14
9523,17
9524,22
9525,14
9526,19
9527,17
9528,17
9529,27
9530,16
9531,22
9532,19
9533,14
9534,13
9535,22
9536,19
9537,20
9538,17
9539,9
9540,16
9541,16
9542,24
9543,25
9544,12
9545,20
9546,13
9547,21
9548,15
9549,14
9550,15
9551,32
9552,16
9553,16
9554,18
9555,10
9556,21
9557,20
9558,14
9559,21
9560,13
9561,9
9562,15
9563,19
9564,10
9565,22
9566,15
9567,24
9568,18
9569,19
9570,14
9571,10
9572,11
9573,23
9574,16
9575,18
9576,15
9577,20
9578,19
9579,13
9580,21
9581,18
9582,16
9583,18
9584,22
9585,24
9586,14
9587,19
9588,23
9589,14
9590,15
9591,11
9592,14
9593,20
9594,18
9595,19
9596,22
9597,14
9598,22
9599,14
9600,15
9601,16
9602,14
9603,14
9604,20
9605,19
9606,11
9607,19
9608,17
9609,22
9610,15
9611,11
9612,18
9613,16
9614,21
9615,11
9616,19
9617,13
9618,24
9619,23
9620,21
9621,23
9622,12
9623,24
9624,14
9625,13
9626,24
9627,18
9628,12
9629,28
9630,23
9631,24
9632,22
9633,24
9634,24
9635,15
9636,11
9637,15
9638,22
9639,17
9640,21
9641,15
9642,18
9643,23
9644,14
9645,15
9646,12
9647,23
9648,22
9649,18
9650,13
9651,11
9652,13
9653,19
9654,22
9655,18
9656,25
9657,19
9658,20
9659,12
9660,21
9661,20
9662,10
9663,7
9664,19
9665,22
9666,21
9667,21
9668,13
9669,14
9670,21
9671,22
9672,20
9673,22
9674,25
9675,14
9676,26
9677,23
9678,20
9679,19
9680,14
9681,15
9682,25
9683,22
9684,13
9685,20
9686,27
9687,17
9688,19
9689,16
9690,18
9691,25
9692,23
9693,10
9694,19
9695,19
9696,14
9697,11
9698,20
9699,16
9700,13
9701,18
9702,22
9703,15
9704,20
9705,17
9706,18
9707,14
9708,23
9709,21
9710,21
9711,6
9712,19
9713,16
9714,26
9715,13
9716,17
9717,14
9718,22
9719,25
9720,20
9721,16
9722,17
9723,13
9724,18
9725,22
9726,15
9727,19
9728,24
9729,25
9730,10
9731,18
9732,17
9733,20
9734,28
9735,28
9736,23
9737,18
9738,18
9739,22
9740,17
9741,23
9742,22
9743,14
9744,17
9745,20
9746,18
9747,16
9748,24
9749,14
9750,18
9751,22
9752,18
9753,13
9754,18
9755,21
9756,21
9757,13
9758,16
9759,19
9760,18
9761,19
9762,25
9763,17
9764,16
9765,19
9766,26
9767,15
9768,13
9769,12
9770,11
9771,17
9772,17
9773,18
9774,17
9775,20
9776,11
9777,19
9778,15
9779,21
9780,18
9781,15
9782,15
9783,19
9784,16
9785,21
9786,23
9787,17
9788,25
9789,24
9790,15
9791,22
9792,13
9793,19
9794,15
9795,11
9796,19
9797,11
9798,13
9799,15
9800,20
9801,17
9802,17
9803,13
9804,20
9805,13
9806,20
9807,21
9808,30
9809,10
9810,21
9811,15
9812,17
9813,16
9814,28
9815,20
9816,16
9817,25
9818,14
9819,14
9820,16
9821,25
9822,23
9823,16
9824,20
9825,19
9826,25
9827,20
9828,25
9829,14
9830,15
9831,21
9832,17
9833,16
9834,19
9835,11
9836,21
9837,20
9838,16
9839,17
9840,14
9841,24
9842,11
9843,23
9844,24
9845,14
9846,19
9847,24
9848,24
9849,22
9850,14
9851,24
9852,26
9853,20
9854,15
9855,22
9856,11
9857,24
9858,10
9859,28
9860,20
9861,25
9862,15
9863,23
9864,14
9865,20
9866,16
9867,14
9868,21
9869,19
9870,19
9871,14
9872,15
9873,22
9874,22
9875,11
9876,21
9877,19
9878,21
9879,17
9880,18
9881,11
9882,24
9883,17
9884,13
9885,19
9886,20
9887,18
9888,17
9889,21
9890,24
9891,19
9892,21
9893,18
9894,18
9895,25
9896,15
9897,15
9898,23
9899,18
9900,21
9901,25
9902,18
9903,10
9904,14
9905,20
9906,14
9907,15
9908,13
9909,21
9910,14
9911,9
9912,15
9913,20
9914,13
9915,17
9916,20
9917,17
9918,19
9919,20
9920,14
9921,19
9922,29
9923,21
9924,25
9925,14
9926,21
9927,16
9928,13
9929,17
9930,15
9931,15
9932,9
9933,16
9934,18
9935,18
9936,25
9937,17
9938,24
9939,29
9940,22
9941,25
9942,19
9943,20
9944,18
9945,16
9946,16
9947,17
9948,18
9949,13
9950,23
9951,20
9952,27
9953,19
9954,34
9955,27
9956,26
9957,14
9958,19
9959,11
9960,17
9961,23
9962,10
9963,17
9964,18
9965,21
9966,20
9967,16
9968,19
9969,21
9970,15
9971,16
9972,17
9973,19
9974,17
9975,12
9976,21
9977,23
9978,18
9979,15
9980,18
9981,10
9982,18
9983,21
9984,18
9985,9
9986,12
9987,23
9988,21
9989,22
9990,20
9991,9
9992,16
9993,19
9994,12
9995,11
9996,15
9997,20
9998,10
9999,18
10000,19
